50.0 0.1372794
51.28 0.2074949
51.92 0.2784257
52.0 0.2947898
52.02 0.3162299
52.06 0.302063
52.38 0.3605848
52.53 0.4188215
52.54 0.450841
52.56 0.4227838
52.72 0.4502616
52.96 0.5466299
53.04 0.6107265
53.06 0.6651989
53.07 0.7073991
53.08 0.651899
53.12 0.6323925
53.28 0.6910592
53.44 0.8033861
53.52 0.8915529
53.56 0.9639773
53.58 1.03706
53.59 1.13245
53.6 1.174675
53.61 1.072274
53.63 1.026843
53.67 1.016348
53.75 1.051251
53.83 1.115767
53.91 1.207313
53.99 1.333272
54.03 1.416796
54.07 1.52872
54.09 1.609937
54.1 1.665831
54.11 1.744071
54.12 1.879956
54.13 3.041364
54.14 1.914688
54.15 1.808301
54.16 1.758334
54.18 1.713668
54.22 1.696783
54.3 1.7492
54.38 1.859973
54.46 2.026223
54.5 2.136034
54.54 2.269975
54.58 2.440248
54.6 2.548482
54.62 2.685715
54.63 2.773533
54.64 2.884542
54.65 3.039686
54.66 3.291292
54.67 4.330917
54.68 3.439326
54.69 3.188103
54.7 3.069226
54.71 2.998835
54.73 2.923279
54.75 2.889576
54.79 2.879221
54.83 2.910073
54.87 2.970008
54.91 3.056397
54.95 3.165202
54.99 3.303564
55.03 3.474945
55.07 3.686857
55.11 3.955235
55.13 4.121198
55.15 4.321099
55.17 4.575824
55.18 4.738343
55.19 4.944228
55.2 5.227742
55.21 5.691688
55.22 7.409755
55.23 5.984886
55.24 5.501599
55.25 5.265136
55.26 5.120043
55.27 5.022575
55.29 4.904344
55.31 4.842709
55.33 4.813938
55.37 4.818087
55.41 4.881613
55.45 4.989106
55.49 5.143168
55.53 5.3461
55.57 5.603768
55.61 5.92599
55.63 6.117168
55.65 6.332795
55.67 6.580134
55.69 6.866068
55.71 7.205818
55.72 7.40755
55.73 7.639616
55.74 7.914909
55.75 8.255728
55.76 8.710201
55.77 9.402821
55.78 10.0
55.79 10.0
55.8 9.454722
55.81 8.976438
55.82 8.686968
55.83 8.492442
55.84 8.354469
55.85 8.253814
55.87 8.124856
55.89 8.060126
55.91 8.039551
55.93 8.05296
55.97 8.157182
55.99 8.244779
56.01 8.356624
56.03 8.49243
56.05 8.652937
56.07 8.839708
56.09 9.055104
56.11 9.302275
56.13 9.586053
56.15 9.911413
56.16 10.0
63.34 10.0
63.39 9.855087
63.41 9.827685
63.43 9.832533
63.45 9.873456
63.48 10.0
63.61 10.0
63.63 9.395432
63.65 8.906588
63.67 8.511906
63.69 8.181791
63.71 7.897882
63.73 7.64943
63.75 7.430075
63.77 7.235493
63.81 6.909619
63.85 6.656857
63.89 6.469895
63.93 6.338076
63.97 6.267999
63.99 6.259363
64.01 6.271293
64.03 6.309459
64.05 6.384167
64.07 6.517372
64.08 6.620415
64.09 6.764347
64.1 6.976795
64.11 7.323204
64.12 8.051707
64.13 9.33599
64.14 7.490774
64.15 6.893616
64.16 6.526757
64.17 6.249904
64.18 6.033064
64.19 5.852356
64.21 5.558287
64.23 5.320689
64.25 5.119779
64.27 4.945177
64.31 4.654057
64.35 4.421512
64.39 4.236036
64.43 4.090455
64.47 3.978525
64.51 3.904517
64.55 3.862432
64.59 3.868056
64.61 3.903127
64.63 3.979198
64.64 4.045196
64.65 4.146168
64.66 4.315045
64.67 4.668012
64.68 5.972852
64.69 4.472777
64.7 4.117295
64.71 3.90488
64.72 3.751992
64.73 3.631363
64.75 3.443729
64.77 3.296038
64.81 3.065424
64.85 2.885619
64.89 2.738887
64.97 2.519117
65.05 2.376776
65.09 2.333741
65.13 2.314703
65.17 2.341145
65.19 2.398194
65.2 2.456212
65.21 2.567271
65.22 2.905696
65.23 2.763778
65.24 2.472076
65.25 2.335773
65.26 2.245143
65.28 2.120062
65.32 1.95586
65.36 1.83666
65.44 1.661171
65.52 1.532983
65.6 1.444852
65.68 1.396601
65.72 1.403955
65.74 1.438753
65.75 1.48464
65.76 1.625201
65.77 1.598595
65.78 1.4448
65.79 1.378227
65.81 1.301106
65.85 1.209863
65.93 1.091821
66.01 1.006392
66.17 0.8936112
66.25 0.8686081
66.27 0.8738738
66.29 0.9066316
66.3 1.022701
66.31 0.9170273
66.32 0.8665438
66.36 0.7950795
66.52 0.6748502
66.76 0.577828
66.82 0.578241
66.84 0.6140829
66.85 0.5717405
66.93 0.5149834
67.25 0.4212486
67.36 0.4149968
67.37 0.4552247
67.38 0.407276
67.54 0.359028
67.86 0.3098473
67.9 0.3202272
67.94 0.2993913
68.58 0.2341549
69.86 0.1648957
72.42 0.1020137
77.54 0.05656144
87.78 0.03149797
101.7 0.03942906
101.74 0.05239149
101.9 0.032566
109.58 0.05324499
110.78 0.06802728
110.84 0.09171751
110.92 0.06590035
113.48 0.1027586
114.76 0.1610219
115.4 0.2158596
116.04 0.3102606
116.36 0.3849871
116.68 0.4918255
117.0 0.6511696
117.16 0.7614288
117.32 0.9014201
117.48 1.08232
117.64 1.320413
117.72 1.468195
117.8 1.640499
117.88 1.842686
117.96 2.081619
118.04 2.366237
118.12 2.708428
118.16 2.905961
118.2 3.124429
118.24 3.366952
118.28 3.63737
118.32 3.940619
118.36 4.284497
118.4 4.666481
118.44 5.105312
118.48 5.612851
118.5 5.897736
118.52 6.207256
118.54 6.54529
118.56 6.916815
118.58 7.328417
118.6 7.789108
118.62 8.311764
118.63 8.602015
118.64 8.915766
118.65 9.25732
118.67 10.0
118.83 10.0
118.84 9.648365
118.85 9.269824
118.86 8.925276
118.87 8.608911
118.88 8.316375
118.9 7.789885
118.92 7.326075
118.94 6.911869
118.96 6.538124
118.98 6.198168
119.0 5.886969
119.02 5.600645
119.06 5.09023
119.1 4.648142
119.14 4.261452
119.18 3.920446
119.22 3.617845
119.26 3.34847
119.3 3.105552
119.34 2.885997
119.42 2.508699
119.5 2.196988
119.58 1.936717
119.66 1.717503
119.74 1.531486
119.82 1.372583
119.98 1.117898
120.14 0.9256345
120.3 0.7777181
120.46 0.6619098
120.78 0.4957128
121.1 0.3851287
121.42 0.308343
122.06 0.2121028
122.7 0.1568488
123.98 0.1070862
124.06 0.1221536
124.09 0.1477224
124.13 0.1138079
124.45 0.08878164
125.33 0.08126284
125.39 0.1094163
125.47 0.07800681
128.03 0.04740357
141.95 0.03406342
142.11 0.04769991
142.15 0.06594213
142.17 0.09374359
142.21 0.05925074
142.37 0.03507307
144.77 0.03329491
144.91 0.05134366
145.11 0.03243655
164.87 0.05274354
164.95 0.07541933
165.03 0.05347251
165.67 0.0602604
165.75 0.08597426
165.78 0.1331751
165.82 0.08530292
165.9 0.06058537
168.46 0.05634059
173.58 0.09373007
176.7 0.1636877
177.98 0.2294349
178.62 0.2820577
179.26 0.3567019
179.9 0.467441
180.54 0.637143
180.86 0.7560286
181.18 0.9066798
181.5 1.097665
181.82 1.337663
182.14 1.631872
182.78 2.319468
182.94 2.471432
183.1 2.59024
183.26 2.678726
183.3 2.730995
183.31 2.888419
183.32 2.728449
183.36 2.671607
183.52 2.567551
183.68 2.437525
184.16 1.936133
184.32 1.784643
184.36 1.770926
184.38 1.78572
184.4 1.725487
184.48 1.61491
184.64 1.460169
184.74 1.38772
184.9 1.24565
185.22 1.030129
185.54 0.8623256
185.86 0.7262616
186.18 0.6197724
186.82 0.4660643
187.46 0.3642646
188.1 0.2942718
189.38 0.2079661
191.94 0.1299653
193.22 0.1132149
193.34 0.1244826
193.98 0.1032967
195.26 0.1007906
195.38 0.1259171
195.42 0.1761804
195.43 0.2291991
195.44 0.1781723
195.48 0.1260872
195.64 0.0998403
195.72 0.1160721
195.8 0.09510816
200.92 0.074773
206.12 0.07241449
208.36 0.06400068
208.6 0.08599357
208.64 0.1279331
208.68 0.08818941
208.84 0.06569297
210.76 0.07196929
210.8 0.08410533
210.96 0.06241776
214.8 0.0644837
214.92 0.08287208
214.96 0.1149613
215.0 0.07930738
215.32 0.06078447
225.88 0.071503
226.04 0.09031169
226.36 0.06950352
228.92 0.06398494
229.56 0.07512992
230.84 0.06717911
231.16 0.08089979
231.24 0.1127633
231.27 0.1625128
231.28 0.2124766
231.3 0.1445344
231.34 0.1006008
231.5 0.07232766
233.42 0.07429887
233.9 0.09855868
233.94 0.1162196
234.1 0.0871242
235.38 0.07397056
235.62 0.1007762
235.68 0.1543681
235.7 0.2150977
235.71 0.3127519
235.72 0.2135291
235.74 0.1538205
235.78 0.1107539
235.94 0.07790416
236.9 0.0769434
237.06 0.1025821
237.1 0.1309067
237.12 0.161949
237.14 0.2355114
237.15 0.2520463
237.16 0.1968476
237.18 0.1474963
237.22 0.1087296
237.38 0.0775588
238.66 0.07293899
238.98 0.09364989
239.02 0.1090642
239.06 0.147968
239.08 0.1990297
239.09 0.2589607
239.11 0.1865215
239.13 0.1427892
239.17 0.1076653
239.33 0.07983164
241.89 0.07654005
242.21 0.09882196
242.25 0.1156465
242.29 0.1588822
242.31 0.219392
242.32 0.2743646
242.33 0.20717
242.35 0.1541667
242.39 0.1140554
242.55 0.08233083
243.19 0.07978663
243.35 0.09840424
243.39 0.1168128
243.43 0.1617419
243.44 0.1880972
243.45 0.2366693
243.46 0.2208857
243.48 0.1564849
243.52 0.1132581
243.68 0.0810955
244.08 0.07913436
244.16 0.1023538
244.24 0.0782369
246.8 0.07257258
247.72 0.08721846
247.76 0.1116857
247.84 0.08401128
248.0 0.08654043
248.12 0.1174942
248.16 0.1683891
248.17 0.1987512
248.18 0.2577092
248.21 0.1612721
248.25 0.1153012
248.41 0.08272638
249.37 0.07921357
249.69 0.1030887
249.73 0.1196188
249.77 0.1627591
249.79 0.2230005
249.8 0.1819364
249.84 0.1363666
249.88 0.1317113
249.92 0.1518817
249.95 0.2084024
249.96 0.263485
249.98 0.1871748
250.02 0.1294256
250.1 0.09824752
250.74 0.07959536
251.06 0.08146147
258.1 0.08374521
258.2 0.106482
258.28 0.08638191
258.6 0.09967616
258.68 0.139714
258.7 0.1733517
258.71 0.2073586
258.72 0.2199332
258.74 0.1573316
258.78 0.1174939
258.94 0.08788636
262.78 0.09028269
262.82 0.09758769
262.86 0.1263924
262.9 0.09661032
263.22 0.08716329
263.54 0.09793497
263.62 0.1193896
263.66 0.1563694
263.68 0.2066255
263.69 0.2692852
263.71 0.1898803
263.73 0.1496755
263.77 0.1179055
264.09 0.08761539
264.89 0.09628001
264.93 0.1102549
265.09 0.08786272
267.01 0.09239184
267.21 0.1208324
267.25 0.1607929
267.27 0.199724
267.29 0.1494376
267.33 0.1174391
267.49 0.09339699
272.61 0.09217518
272.93 0.107892
273.01 0.1445257
273.04 0.2034085
273.05 0.2677039
273.06 0.2108147
273.08 0.1597443
273.12 0.124141
273.28 0.09783872
273.92 0.09282874
274.4 0.1091177
274.44 0.1236807
274.48 0.1753904
274.5 0.1366387
274.58 0.1051106
275.86 0.09634729
276.34 0.1076853
276.66 0.09956945
276.9 0.1175727
276.92 0.1359763
277.0 0.1045925
279.4 0.1023176
279.48 0.1250208
279.64 0.09928804
279.88 0.1062351
282.76 0.1038202
282.84 0.1288438
282.92 0.1036036
285.48 0.1037533
285.96 0.1250093
286.04 0.1583761
286.06 0.1807577
286.09 0.2573862
286.1 0.2265481
286.12 0.2162732
286.14 0.2427665
286.16 0.3017633
286.17 0.2433969
286.19 0.1944983
286.23 0.1611011
286.27 0.1603563
286.29 0.178203
286.37 0.1278014
286.69 0.1068683
287.97 0.1048723
288.77 0.1197011
288.89 0.1546151
288.93 0.203029
288.95 0.2684326
288.96 0.3385839
288.97 0.2600531
288.99 0.2011022
289.03 0.1543859
289.11 0.1258191
289.75 0.1071623
290.95 0.1137501
292.87 0.1136037
293.11 0.1386657
293.15 0.1690171
293.17 0.2219381
293.19 0.1728676
293.23 0.1403026
293.39 0.1189235
293.47 0.1197812
293.55 0.1397946
293.63 0.1177562
297.47 0.1185657
298.43 0.1373228
298.47 0.1502853
298.63 0.1306741
299.91 0.1233684
300.63 0.1391229
300.69 0.1689685
300.73 0.1424068
301.05 0.1319326
301.61 0.1510131
301.73 0.1862911
301.77 0.2326139
301.79 0.2853775
301.8 0.3331559
301.81 0.424543
301.82 0.3785261
301.83 0.3108979
301.85 0.2442979
301.89 0.189496
301.97 0.1549115
302.29 0.133612
302.93 0.1366329
303.09 0.1609048
303.13 0.1893921
303.15 0.2238658
303.16 0.2597934
303.17 0.2589066
303.19 0.2029819
303.23 0.1655723
303.39 0.1371858
309.95 0.1541222
310.07 0.1824443
310.15 0.1570025
315.27 0.1948665
315.75 0.2183147
315.83 0.2534273
315.86 0.3061323
315.87 0.3532564
315.88 0.3553695
315.89 0.3079455
315.91 0.2676863
315.95 0.2380149
316.11 0.2234635
316.19 0.2317814
316.27 0.263422
316.31 0.3246113
316.33 0.3942823
316.34 0.3397827
316.36 0.2921128
316.4 0.2549174
316.56 0.2276991
316.68 0.2444215
316.84 0.2263883
317.16 0.2400486
317.2 0.2512947
317.36 0.237552
318.64 0.2821092
319.76 0.366564
319.92 0.4078873
319.96 0.4436902
319.98 0.4854805
319.99 0.5285092
320.0 0.5514444
320.01 0.4989768
320.03 0.4557549
320.07 0.4258874
320.23 0.4183443
321.51 0.5852584
321.83 0.640855
322.15 0.7167849
322.47 0.8143431
322.79 0.9434153
323.11 1.112158
323.43 1.331746
323.75 1.615152
324.07 1.964312
324.71 2.7763
324.87 2.940152
325.03 3.054368
325.11 3.101473
325.14 3.140476
325.15 3.196331
325.17 3.128177
325.25 3.055926
325.41 2.933006
325.57 2.765318
326.21 1.960489
326.37 1.783875
326.69 1.487664
326.81 1.420607
326.85 1.430344
326.88 1.485011
326.89 1.532468
326.9 1.643727
326.91 1.53195
326.92 1.463183
326.94 1.38438
326.98 1.300605
327.06 1.210218
327.22 1.093645
327.54 0.9238503
327.78 0.8349503
327.84 0.8481859
327.92 0.7829709
328.24 0.6767733
328.88 0.5381459
329.52 0.447651
330.8 0.3422181
332.08 0.2894902
332.56 0.2971273
332.64 0.3284379
332.68 0.3853422
332.69 0.4172241
332.7 0.4742326
332.71 0.4668408
332.72 0.4143482
332.74 0.3647227
332.78 0.3269503
332.82 0.3178441
332.86 0.3306444
332.88 0.3643525
332.92 0.309515
333.08 0.272098
335.0 0.2353983
335.24 0.2506508
335.27 0.2822773
335.31 0.2472482
335.95 0.2260767
341.07 0.2080553
342.99 0.2132486
343.15 0.2294061
343.18 0.2547677
343.22 0.2544795
343.24 0.2808083
343.26 0.2460981
343.34 0.2210522
348.3 0.2235226
351.5 0.2533074
351.66 0.2701737
351.98 0.2591245
352.22 0.2873148
352.26 0.3115966
352.3 0.3763942
352.31 0.4131942
352.32 0.480489
352.33 0.4637582
352.34 0.4054605
352.36 0.3497397
352.4 0.3051934
352.48 0.2816778
352.56 0.2902212
352.59 0.3210997
352.63 0.2879567
352.71 0.2806996
352.75 0.290954
352.79 0.3274473
352.8 0.3501334
352.81 0.3938213
352.82 0.3961334
352.83 0.3503876
352.85 0.3114334
352.93 0.2708192
353.57 0.2554497
354.85 0.2723706
354.97 0.2993041
355.01 0.3473682
355.02 0.3701513
355.04 0.3224848
355.12 0.2826778
355.76 0.272156
357.04 0.2860111
357.52 0.3134108
357.56 0.3291006
357.6 0.3690265
357.62 0.4253061
357.63 0.5148576
357.64 0.4240495
357.66 0.3694549
357.7 0.3312226
357.86 0.3058866
358.02 0.3089386
358.14 0.3330544
358.18 0.3748513
358.19 0.402893
358.2 0.4782766
358.21 0.4018512
358.23 0.3588163
358.31 0.3209455
358.63 0.3283049
358.75 0.3730615
358.79 0.4135133
358.81 0.4558532
358.83 0.5339525
358.84 0.6047357
358.85 0.7397793
358.86 0.6819185
358.87 0.5774253
358.89 0.4768801
358.91 0.4260112
358.95 0.3765039
359.03 0.3416277
359.35 0.3244091
359.51 0.3343261
359.59 0.3606128
359.63 0.4145201
359.64 0.4510462
359.65 0.5440319
359.66 0.4479106
359.68 0.3921237
359.72 0.3550157
359.88 0.3306473
361.48 0.3552875
361.64 0.3792089
361.67 0.4196971
361.69 0.385819
361.85 0.3639901
363.13 0.3978472
363.41 0.4293634
363.45 0.4643809
363.46 0.4881559
363.47 0.5383131
363.48 0.4846132
363.52 0.4385782
363.68 0.4222337
364.16 0.4470312
364.32 0.488084
364.36 0.5186913
364.4 0.5918999
364.42 0.6459886
364.43 0.6942462
364.44 0.7744249
364.45 0.9833279
364.46 0.7717423
364.47 0.690824
364.49 0.6059928
364.53 0.5330732
364.61 0.4875699
364.93 0.473179
365.57 0.5075872
366.21 0.56499
366.53 0.6110588
366.69 0.6613034
366.73 0.6974727
366.76 0.7660786
366.78 0.8610236
366.79 0.7882615
366.81 0.7329337
366.85 0.6982228
367.01 0.7022878
367.33 0.7958417
367.49 0.8659469
367.65 0.9607529
367.81 1.09102
367.97 1.278329
368.05 1.404802
368.13 1.563855
368.21 1.770072
368.25 1.898456
368.29 2.050865
368.33 2.238737
368.37 2.464388
368.39 2.605336
368.41 2.773467
368.43 2.982053
368.44 3.109041
368.45 3.25843
368.46 3.440102
368.47 3.672032
368.48 3.993934
368.49 4.548869
368.5 5.614537
368.51 4.306519
368.52 3.869493
368.53 3.587836
368.54 3.377796
368.55 3.210312
368.57 2.95168
368.59 2.754215
368.61 2.594039
368.65 2.342522
368.69 2.148555
368.73 1.991847
368.77 1.861641
368.85 1.657662
368.93 1.514902
368.95 1.501301
368.99 1.415564
369.07 1.308197
369.23 1.161169
369.39 1.0656
369.55 1.002301
369.87 0.9340494
370.19 0.910906
370.51 0.9140042
370.83 0.9406236
370.95 0.9760706
370.99 1.016423
371.01 1.067861
371.02 1.129667
371.04 1.055776
371.06 1.017023
371.1 0.9887333
371.26 0.980977
371.9 1.069793
372.54 1.201561
373.18 1.376811
373.82 1.607947
374.14 1.751543
374.46 1.918573
374.78 2.116128
375.02 2.300074
375.1 2.389555
375.14 2.465994
375.16 2.535276
375.17 2.595095
375.18 2.698214
375.19 2.600355
375.21 2.540131
375.25 2.516856
375.33 2.552293
375.49 2.684214
375.81 3.016535
376.13 3.430827
376.21 3.571247
376.24 3.675684
376.25 3.653507
376.29 3.678106
376.45 3.921909
376.61 4.2116
376.77 4.548416
376.93 4.889178
377.09 5.283515
377.25 5.72887
377.41 6.230959
377.57 6.797775
377.73 7.438528
377.81 7.790235
377.89 8.165105
377.97 8.564429
378.05 8.991673
378.13 9.451678
378.21 9.962422
378.22 10.0
382.12 10.0
382.2 9.527986
382.28 9.078915
382.36 8.658506
382.44 8.263584
382.52 7.892478
382.6 7.543623
382.76 6.9073
382.92 6.342531
383.08 5.84138
383.24 5.395487
383.4 4.997454
383.56 4.640723
383.72 4.321026
383.88 4.033508
384.04 3.774135
384.2 3.539698
384.52 3.134428
384.84 2.798427
385.16 2.517099
385.48 2.279759
385.8 2.077663
386.12 1.902885
386.44 1.752235
386.76 1.623191
387.0 1.546734
387.08 1.549849
387.1 1.575931
387.12 1.536639
387.2 1.500448
387.26 1.516482
387.29 1.571863
387.31 1.507223
387.35 1.458113
387.51 1.383026
388.15 1.217437
388.79 1.096482
389.43 1.006231
391.99 0.7394441
392.47 0.7160732
392.55 0.7317427
392.61 0.785242
392.63 0.8374227
392.64 0.885805
392.65 0.9794716
392.66 0.9536869
392.67 0.8721592
392.69 0.7968897
392.73 0.7366647
392.81 0.6968601
393.13 0.6562423
394.89 0.5697041
395.05 0.5858846
395.07 0.5914328
395.15 0.5635567
395.79 0.5376638
396.43 0.5365505
396.47 0.5490102
396.51 0.5895464
396.52 0.6176816
396.53 0.6812978
396.54 0.612928
396.56 0.5704277
396.64 0.529624
396.96 0.5199683
397.0 0.534104
397.03 0.5774895
397.05 0.5369928
397.13 0.5105415
398.41 0.4772251
399.85 0.4684189
400.01 0.4990866
400.05 0.5384121
400.08 0.614793
400.09 0.5700268
400.11 0.5288684
400.15 0.4950896
400.31 0.4660024
400.95 0.4688854
401.11 0.4984805
401.15 0.5227699
401.19 0.5879651
401.2 0.6235086
401.22 0.7443024
401.23 0.6523753
401.25 0.5778052
401.29 0.5226226
401.37 0.4927775
401.53 0.4894381
401.69 0.5144546
401.73 0.5407793
401.74 0.5967753
401.75 0.5410702
401.83 0.5135147
401.93 0.5203528
402.01 0.4930984
402.17 0.4918496
402.29 0.5338797
402.33 0.5847957
402.35 0.6349667
402.37 0.7261923
402.38 0.8065931
402.39 0.9504079
402.4 0.9637035
402.41 0.8119464
402.42 0.7282086
402.44 0.6332568
402.48 0.5475663
402.56 0.4889699
402.72 0.4568668
403.68 0.4330264
403.8 0.4489158
403.84 0.482993
403.88 0.4460211
404.2 0.4245663
406.76 0.414388
408.04 0.4280856
408.12 0.4388501
408.2 0.4691736
408.24 0.512289
408.27 0.594615
408.28 0.6518599
408.29 0.7608085
408.3 0.7324917
408.31 0.6399221
408.33 0.5524787
408.37 0.4842809
408.45 0.4434048
408.77 0.4202904
411.33 0.424941
412.93 0.4544058
412.99 0.4785307
413.01 0.5156121
413.05 0.4669992
413.21 0.4458296
413.85 0.4558147
414.09 0.4913852
414.17 0.5499563
414.19 0.5838855
414.21 0.6390324
414.23 0.7400671
414.24 0.830623
414.25 0.998292
414.26 0.9763709
414.27 0.8205385
414.28 0.734192
414.3 0.6368053
414.32 0.5834409
414.36 0.5289864
414.44 0.4882785
414.76 0.4625309
417.32 0.5067264
418.6 0.5559311
419.88 0.6438318
420.52 0.7173072
420.76 0.767768
420.8 0.7982419
420.84 0.7777775
421.16 0.8260202
421.48 0.9033464
421.8 1.005659
422.12 1.142303
422.44 1.332688
422.6 1.456889
422.76 1.606788
422.92 1.791175
423.08 2.021024
423.24 2.311728
423.32 2.487203
423.4 2.688338
423.48 2.922698
423.56 3.206936
423.6 3.384727
423.62 3.493296
423.64 3.62993
423.65 3.719381
423.66 3.84161
423.67 4.061285
423.68 3.915135
423.69 3.88201
423.71 3.891499
423.73 3.942216
423.77 4.096859
423.81 4.289858
423.85 4.50962
423.89 4.753526
423.93 5.021859
423.97 5.316214
424.01 5.639001
424.05 5.993285
424.09 6.382787
424.13 6.811932
424.17 7.286014
424.21 7.811338
424.25 8.395497
424.29 9.047735
424.31 9.402842
424.34 9.976391
424.35 10.0
425.18 10.0
425.19 9.950907
425.21 9.557011
425.23 9.189925
425.25 8.845452
425.29 8.214683
425.33 7.650503
425.37 7.143079
425.41 6.684936
425.45 6.269857
425.49 5.892523
425.53 5.548743
425.57 5.234747
425.61 4.947314
425.65 4.68366
425.73 4.2183
425.81 3.822701
425.89 3.484731
425.97 3.196138
426.01 3.070112
426.05 2.964263
426.07 2.945847
426.09 2.849346
426.17 2.623587
426.25 2.440184
426.41 2.140288
426.57 1.906093
426.73 1.721103
426.89 1.575819
426.97 1.521327
426.99 1.522816
427.07 1.439012
427.23 1.330061
427.55 1.16921
427.87 1.05887
427.95 1.048772
428.11 0.9932793
428.59 0.9117721
428.71 0.9244184
428.75 0.9582325
428.77 1.001676
428.78 1.043685
428.79 1.13189
428.81 1.013041
428.83 0.9557405
428.87 0.9068665
428.95 0.8710093
429.27 0.8287665
429.35 0.8290139
429.41 0.8522159
429.42 0.8761588
429.44 0.8411694
429.52 0.8124404
429.84 0.7878297
430.16 0.7892105
430.24 0.8093316
430.28 0.8407047
430.3 0.874302
430.32 0.9444227
430.33 1.025647
430.34 0.9999652
430.35 0.9316908
430.37 0.8674348
430.41 0.8155521
430.49 0.782724
430.81 0.7602627
432.09 0.7638266
433.37 0.8125299
434.65 0.9122596
435.29 0.9944829
435.93 1.117317
436.25 1.202812
436.57 1.312357
436.89 1.452875
437.21 1.632335
437.37 1.760712
437.41 1.813043
437.45 1.90485
437.47 1.993901
437.48 2.069443
437.49 2.207205
437.5 2.163246
437.51 2.064258
437.53 1.976129
437.55 1.937853
437.59 1.913819
437.67 1.931916
437.83 2.032398
437.99 2.166071
438.15 2.326855
438.31 2.51664
438.43 2.689497
438.47 2.776233
438.48 2.822812
438.5 2.804645
438.58 2.883843
438.9 3.302567
439.14 3.528552
439.15 3.605078
439.16 3.539998
439.2 3.513127
439.36 3.455051
439.52 3.331315
439.6 3.255709
439.92 2.900444
440.08 2.74194
440.24 2.604279
440.4 2.494363
440.56 2.407173
440.72 2.344652
440.88 2.305681
441.12 2.299293
441.2 2.328237
441.24 2.362837
441.28 2.436094
441.3 2.508901
441.31 2.565162
441.32 2.64626
441.33 2.777283
441.34 3.108092
441.35 2.792241
441.36 2.657435
441.37 2.575767
441.39 2.479722
441.41 2.426455
441.45 2.373603
441.53 2.342744
441.69 2.3587
441.85 2.411428
442.01 2.501672
442.05 2.543304
442.09 2.619497
442.11 2.707206
442.12 2.755298
442.13 2.691167
442.15 2.640817
442.19 2.614201
442.27 2.631654
442.43 2.723346
442.75 2.966475
443.01 3.179857
443.41 3.446065
443.73 3.68561
443.89 3.83499
444.05 4.010947
444.21 4.216543
444.37 4.454973
444.53 4.730257
444.69 5.0458
444.85 5.407354
445.01 5.824093
445.17 6.294183
445.25 6.55828
445.33 6.846957
445.41 7.184093
445.43 7.290048
445.45 7.42963
445.46 7.523709
445.47 7.497855
445.49 7.525685
445.53 7.64963
445.61 7.973795
445.69 8.34086
445.77 8.739615
445.85 9.169271
445.93 9.631779
445.99 10.0
449.94 9.992922
450.02 9.507581
450.1 9.052089
450.18 8.627485
450.26 8.23079
450.34 7.859888
450.42 7.512627
450.5 7.187305
450.66 6.596217
450.82 6.075685
450.98 5.615953
451.14 5.208442
451.3 4.8467
451.46 4.524735
451.62 4.23585
451.78 3.978798
452.02 3.647945
452.1 3.567242
452.18 3.450551
452.24 3.398072
452.28 3.329875
452.44 3.145873
452.76 2.840981
453.08 2.587164
453.4 2.373675
453.72 2.196706
453.79 2.185296
453.83 2.14379
454.15 1.990711
454.47 1.866399
454.63 1.824642
454.67 1.843005
454.71 1.796918
455.03 1.681713
455.67 1.517895
456.31 1.391517
457.11 1.282713
457.27 1.290875
457.31 1.307363
457.35 1.345967
457.37 1.385184
457.39 1.456146
457.4 1.518562
457.41 1.628888
457.42 1.648961
457.43 1.525302
457.44 1.456534
457.46 1.377449
457.5 1.303437
457.58 1.247662
457.9 1.183792
459.18 1.072453
460.46 1.006176
461.74 0.9677345
462.22 0.980196
462.3 1.015483
462.34 1.082802
462.35 1.121756
462.36 1.192849
462.37 1.202446
462.38 1.126057
462.4 1.058765
462.44 1.006862
462.52 0.9761245
462.84 0.9643109
463.0 0.9803141
463.08 1.010707
463.12 1.049059
463.14 1.084495
463.16 1.145345
463.17 1.19535
463.18 1.275303
463.19 1.452938
463.2 1.270523
463.21 1.197726
463.23 1.126835
463.25 1.099669
463.27 1.051272
463.31 1.010539
463.39 0.98139
463.71 0.9718178
463.78 0.9955937
463.86 0.9706215
464.06 0.9816834
464.1 1.020242
464.11 1.045954
464.13 0.9994689
464.21 0.9655277
464.85 0.9547916
466.13 0.9730382
466.45 1.001627
466.53 1.030006
466.57 1.063313
466.61 1.141836
466.62 1.181449
466.63 1.243005
466.64 1.369955
466.65 1.265556
466.66 1.195655
466.68 1.122898
466.72 1.060946
466.8 1.023351
467.12 1.013866
467.44 1.035406
467.76 1.090096
467.84 1.134975
467.88 1.182818
467.9 1.22372
467.92 1.288679
467.94 1.404645
467.95 1.505106
467.96 1.679714
467.97 1.811535
467.98 1.56877
467.99 1.447536
468.0 1.371122
468.02 1.27951
468.04 1.228189
468.08 1.176806
468.16 1.146117
468.24 1.149701
468.32 1.183594
468.36 1.234352
468.38 1.290568
468.39 1.342564
468.4 1.442474
468.41 1.335965
468.43 1.26024
468.47 1.205032
468.55 1.17923
468.71 1.188834
468.87 1.22008
469.03 1.283948
469.07 1.326809
469.09 1.371352
469.1 1.415039
469.11 1.409315
469.13 1.357516
469.17 1.331159
469.25 1.344848
469.29 1.373097
469.33 1.430624
469.35 1.406072
469.39 1.407613
469.43 1.439389
469.45 1.472112
469.47 1.534752
469.48 1.603542
469.5 1.522469
469.52 1.481878
469.56 1.454916
469.64 1.459377
469.8 1.530699
469.88 1.605346
469.92 1.688437
469.94 1.777777
469.95 1.869017
469.96 1.848206
469.97 1.779508
469.99 1.716683
470.03 1.675358
470.11 1.678042
470.27 1.749635
470.83 2.068824
470.88 2.116334
470.89 2.15306
470.9 2.134303
470.94 2.184192
470.96 2.240501
470.97 2.285501
470.98 2.35603
470.99 2.509776
471.0 2.37428
471.01 2.297439
471.03 2.216937
471.07 2.147677
471.15 2.095872
471.47 2.01011
471.79 1.953367
472.11 1.952714
472.27 1.998869
472.29 2.022186
472.3 2.053123
472.32 2.018908
472.4 2.015734
472.56 2.072527
472.72 2.169813
472.8 2.254099
472.84 2.3301
472.86 2.393235
472.88 2.50067
472.89 2.597973
472.9 2.748366
472.91 2.587185
472.92 2.515274
472.94 2.444518
472.98 2.401431
473.02 2.404736
473.08 2.451651
473.16 2.49297
473.32 2.653222
473.48 2.853793
473.64 3.089333
473.8 3.356724
474.12 3.960376
474.16 4.049642
474.32 4.321309
474.48 4.54532
474.66 4.70971
474.68 4.75446
474.69 4.892516
474.7 4.745395
474.72 4.702012
474.8 4.627103
474.96 4.428913
475.12 4.157779
475.44 3.538491
475.6 3.245157
475.76 2.985237
475.84 2.875383
475.92 2.79778
475.96 2.794242
475.98 2.818269
476.0 2.886809
476.01 2.962987
476.02 3.16101
476.03 2.951855
476.04 2.843594
476.06 2.719085
476.08 2.641727
476.12 2.540555
476.2 2.410111
476.36 2.226297
476.52 2.081265
476.84 1.856482
477.0 1.771024
477.16 1.707334
477.2 1.710496
477.24 1.671324
477.56 1.53659
477.88 1.440395
478.52 1.31568
479.16 1.245703
479.36 1.244784
479.4 1.269967
479.44 1.239794
479.6 1.228092
479.62 1.235002
479.78 1.212056
479.94 1.215753
480.02 1.241806
480.06 1.226764
480.14 1.255583
480.16 1.287345
480.17 1.318271
480.18 1.384154
480.2 1.298441
480.22 1.258255
480.26 1.226581
480.42 1.206034
480.58 1.233711
480.62 1.259633
480.66 1.315808
480.68 1.372842
480.69 1.417667
480.7 1.483921
480.71 1.596916
480.72 1.686909
480.73 1.526612
480.74 1.444431
480.76 1.354409
480.8 1.275898
480.88 1.226834
481.04 1.221375
481.12 1.256548
481.16 1.313184
481.18 1.377887
481.19 1.438744
481.2 1.537292
481.21 1.425668
481.23 1.337387
481.27 1.268807
481.35 1.234214
481.43 1.239471
481.51 1.284929
481.55 1.349961
481.57 1.412977
481.59 1.524943
481.6 1.619456
481.61 1.774488
481.62 2.181151
481.63 1.780436
481.64 1.622272
481.65 1.526197
481.67 1.41239
481.69 1.348086
481.73 1.280788
481.81 1.22935
481.97 1.201125
482.61 1.203665
483.25 1.238751
483.89 1.302281
484.53 1.413965
484.85 1.499173
485.17 1.619908
485.49 1.796217
485.65 1.916682
485.81 2.068363
485.97 2.263165
486.05 2.382213
486.21 2.675162
486.29 2.857851
486.37 3.072039
486.45 3.325777
486.53 3.626872
486.61 3.989746
486.65 4.199366
486.69 4.43132
486.73 4.688965
486.77 4.976199
486.81 5.298098
486.85 5.660828
486.89 6.072281
486.93 6.542778
486.95 6.804333
486.97 7.08625
486.99 7.391181
487.01 7.722303
487.03 8.083634
487.05 8.480211
487.07 8.918582
487.09 9.407521
487.11 9.959248
487.12 10.0
487.39 10.0
487.4 9.845086
487.41 9.565485
487.43 9.063456
487.45 8.621447
487.47 8.226587
487.49 7.870261
487.51 7.546211
487.53 7.249371
487.55 6.976605
487.59 6.491775
487.63 6.073858
487.67 5.710867
487.71 5.390863
487.75 5.109259
487.79 4.859777
487.83 4.637819
487.87 4.439534
487.95 4.102444
488.03 3.828581
488.11 3.603961
488.19 3.417666
488.27 3.261153
488.43 3.014152
488.47 2.966091
488.49 2.967318
488.51 2.915943
488.67 2.722362
488.99 2.420162
489.31 2.179727
489.47 2.092721
489.51 2.090365
489.54 2.118905
489.56 2.066367
489.64 1.990878
489.96 1.837707
490.28 1.731275
490.92 1.584122
491.56 1.485613
491.88 1.461837
491.94 1.490919
491.95 1.521345
491.97 1.476598
492.05 1.443747
492.69 1.399172
493.97 1.375441
495.25 1.388058
495.89 1.41082
496.05 1.43124
496.13 1.457931
496.17 1.489562
496.21 1.562504
496.23 1.645214
496.24 1.719947
496.25 1.861252
496.26 1.823236
496.27 1.702834
496.28 1.635544
496.3 1.559422
496.34 1.492123
496.42 1.449383
496.74 1.43341
496.9 1.444285
497.02 1.481036
497.06 1.526878
497.08 1.58201
497.1 1.703485
497.11 1.610651
497.13 1.538818
497.17 1.487304
497.25 1.459469
497.57 1.45355
497.89 1.473797
497.95 1.499736
497.97 1.537161
498.01 1.491928
498.17 1.476474
498.49 1.495527
498.65 1.533222
498.69 1.569541
498.71 1.606165
498.73 1.67922
498.75 1.824749
498.76 1.710861
498.77 1.655725
498.79 1.597599
498.83 1.549358
498.91 1.521102
499.23 1.515329
499.87 1.541313
500.35 1.579231
500.41 1.615368
500.43 1.670668
500.47 1.605213
500.55 1.584359
501.19 1.611642
502.15 1.693019
502.29 1.731471
502.45 1.717977
503.73 1.837256
505.17 1.879262
505.25 1.898382
505.33 1.894288
505.37 1.92409
505.41 1.894107
506.05 1.916445
506.69 1.966946
507.33 2.038352
507.57 2.093773
507.65 2.148892
507.69 2.220642
507.71 2.297094
507.72 2.363096
507.73 2.479443
507.74 2.525929
507.75 2.394557
507.76 2.329344
507.78 2.267274
507.8 2.254458
507.81 2.271978
507.82 2.266076
507.84 2.204446
507.88 2.16521
507.96 2.152795
508.0 2.161954
508.03 2.194732
508.07 2.177638
508.11 2.195116
508.15 2.239452
508.17 2.287641
508.18 2.329817
508.19 2.407669
508.21 2.312779
508.23 2.257374
508.27 2.213034
508.35 2.191153
508.67 2.217923
509.15 2.289234
509.23 2.315841
509.26 2.35249
509.27 2.391376
509.31 2.327583
509.39 2.307225
510.67 2.320584
511.31 2.347144
512.59 2.439787
514.51 2.63524
514.91 2.698681
514.97 2.734586
514.99 2.779507
515.03 2.728805
515.19 2.719473
516.47 2.879901
517.11 2.981936
517.27 3.026826
517.35 3.08312
517.39 3.156935
517.41 3.237079
517.42 3.310265
517.43 3.485525
517.44 3.320527
517.45 3.247184
517.47 3.170606
517.51 3.107249
517.59 3.073198
517.91 3.092476
519.19 3.295696
519.83 3.428967
519.99 3.505217
520.03 3.549171
520.07 3.632776
520.09 3.71219
520.1 3.772223
520.11 3.856653
520.12 3.986249
520.13 4.227959
520.14 4.214951
520.15 3.984938
520.16 3.861716
520.17 3.782305
520.19 3.686152
520.21 3.632087
520.25 3.57795
520.33 3.545854
520.49 3.545741
521.13 3.652979
521.77 3.792842
521.93 3.858998
521.97 3.897199
522.01 3.97937
522.03 4.078792
522.04 4.185091
522.05 4.225512
522.06 4.102742
522.07 4.040658
522.09 3.975333
522.13 3.924002
522.21 3.903114
522.53 3.95263
522.85 4.030438
523.09 4.115637
523.17 4.17311
523.21 4.225882
523.23 4.267378
523.25 4.328986
523.27 4.42963
523.28 4.507868
523.29 4.622388
523.3 4.814337
523.31 5.127676
523.32 4.762953
523.33 4.6017
523.34 4.503325
523.36 4.388406
523.38 4.326022
523.42 4.267314
523.46 4.248261
523.5 4.255158
523.52 4.276198
523.53 4.306803
523.55 4.26481
523.59 4.240906
523.75 4.249688
524.39 4.401429
525.67 4.762053
526.95 5.183823
527.35 5.34558
527.39 5.383736
527.47 5.383332
528.11 5.600863
528.75 5.852444
529.55 6.205657
529.63 6.2623
529.67 6.330729
529.68 6.379723
529.71 6.325877
529.75 6.312044
529.91 6.365124
530.55 6.675867
531.03 6.933076
531.07 6.977307
531.15 6.99173
531.79 7.343895
532.43 7.732122
533.07 8.153125
533.71 8.611339
534.03 8.860813
534.19 9.015834
534.23 9.083106
534.25 9.140964
534.26 9.188252
534.27 9.275657
534.29 9.19508
534.31 9.157477
534.35 9.148379
534.51 9.245304
535.15 9.78942
535.39 10.0
580.51 10.0
580.59 9.989178
581.23 9.516201
581.55 9.29672
581.87 9.099724
581.95 9.06162
582.03 9.046176
582.07 9.065819
582.09 9.095076
582.11 9.149525
582.12 9.197703
582.13 9.27438
582.14 9.420304
582.15 9.378173
582.16 9.238796
582.17 9.15666
582.19 9.057647
582.21 8.996414
582.25 8.925191
582.29 8.894666
582.31 8.897337
582.33 8.850287
582.41 8.763
582.73 8.544628
583.21 8.262601
583.37 8.194455
583.43 8.206994
583.45 8.239608
583.46 8.274626
583.47 8.347666
583.48 8.342099
583.49 8.257986
583.51 8.180581
583.55 8.109715
583.63 8.03819
584.27 7.68544
584.91 7.372485
586.19 6.809335
587.47 6.315116
588.75 5.880644
589.07 5.788559
589.11 5.790409
589.19 5.746686
589.83 5.554271
590.23 5.45441
590.31 5.468561
590.34 5.534944
590.35 5.485815
590.39 5.426186
590.55 5.359473
590.87 5.279411
590.95 5.273225
590.99 5.291496
591.0 5.309097
591.04 5.261308
591.12 5.227183
591.2 5.228679
591.22 5.244029
591.24 5.288652
591.25 5.343197
591.26 5.274318
591.28 5.224482
591.32 5.18328
591.48 5.120255
592.12 4.963147
592.44 4.903462
592.52 4.90406
592.56 4.920146
592.6 4.979579
592.61 5.015201
592.62 5.076501
592.63 5.235091
592.64 5.085852
592.65 5.013685
592.67 4.941752
592.71 4.87949
592.79 4.829994
593.11 4.742654
594.39 4.488965
594.87 4.425778
594.95 4.437348
594.99 4.458776
595.03 4.51234
595.06 4.615499
595.07 4.685522
595.08 4.839741
595.09 4.69999
595.1 4.617256
595.12 4.526275
595.16 4.441414
595.24 4.374818
595.4 4.320797
596.04 4.204531
597.32 4.032864
597.96 3.973948
598.6 3.941395
599.88 3.939426
599.96 3.97601
599.98 4.02719
599.99 3.983746
600.03 3.931374
600.19 3.87551
601.47 3.571174
602.11 3.458585
602.59 3.405702
602.67 3.42401
602.71 3.394375
603.35 3.28397
604.63 3.14248
605.91 3.033628
607.75 2.923519
607.83 2.947521
607.85 2.98412
607.87 2.942503
607.95 2.912976
609.23 2.858315
609.55 2.871333
609.63 2.899498
609.67 2.939768
609.69 2.981253
609.71 3.062559
609.72 3.143475
609.73 3.350996
609.74 3.157047
609.75 3.070146
609.77 2.985385
609.81 2.917725
609.89 2.878709
610.05 2.875151
610.17 2.915366
610.21 2.958621
610.23 2.999855
610.25 3.07914
610.26 3.171556
610.28 3.105244
610.3 3.108495
610.32 3.170349
610.33 3.228685
610.34 3.316785
610.35 3.45821
610.36 3.730003
610.37 3.742175
610.38 3.455008
610.39 3.303506
610.4 3.205859
610.42 3.08643
610.44 3.017438
610.48 2.943694
610.56 2.884926
610.72 2.851888
611.04 2.857102
611.16 2.901754
611.2 2.947646
611.22 2.989585
611.24 3.059937
611.25 3.115469
611.26 3.198107
611.27 3.341222
611.28 3.419647
611.29 3.235387
611.3 3.138642
611.32 3.031545
611.34 2.973026
611.38 2.913031
611.46 2.867954
611.78 2.839554
612.42 2.856428
613.06 2.891733
613.7 2.952953
614.34 3.047803
614.66 3.129154
614.7 3.154201
614.73 3.201519
614.75 3.207539
614.77 3.254901
614.78 3.314338
614.79 3.301819
614.8 3.252309
614.82 3.211202
614.86 3.185911
615.02 3.19943
615.34 3.286499
615.66 3.403532
615.98 3.535754
616.22 3.674905
616.26 3.720167
616.28 3.774914
616.3 3.746679
616.38 3.759815
616.7 3.96667
617.02 4.237208
617.18 4.401428
617.28 4.537544
617.3 4.596947
617.34 4.60103
617.5 4.780727
617.66 5.006454
617.82 5.26319
617.98 5.55581
618.14 5.889249
618.3 6.269676
618.46 6.704752
618.62 7.203275
618.78 7.77506
618.86 8.092055
618.94 8.431446
619.02 8.79369
619.1 9.181903
619.18 9.596424
619.25 9.98198
619.27 10.0
622.13 10.0
622.14 9.971798
622.22 9.524883
622.3 9.105332
622.38 8.71256
622.46 8.344967
622.54 8.000759
622.62 7.67879
622.78 7.096059
622.94 6.586533
623.1 6.139848
623.26 5.749459
623.42 5.411571
623.5 5.265639
623.58 5.149562
623.62 5.121389
623.64 5.128618
623.66 5.170824
623.67 5.221045
623.69 5.429418
623.7 5.225241
623.71 5.120133
623.73 4.994636
623.77 4.853106
623.85 4.682602
624.01 4.436181
624.17 4.229854
624.49 3.885078
624.81 3.606413
625.13 3.380262
625.29 3.295468
625.33 3.289413
625.36 3.312132
625.37 3.350069
625.39 3.278952
625.43 3.222363
625.59 3.115791
625.91 2.961951
626.23 2.832507
626.87 2.630042
627.51 2.492269
627.67 2.478195
627.73 2.488948
627.75 2.521537
627.79 2.469474
627.95 2.407537
628.59 2.272048
629.87 2.098356
631.15 1.979596
631.79 1.93831
632.03 1.946584
632.11 1.993766
632.13 2.027815
632.15 2.092053
632.16 2.150219
632.17 2.256315
632.18 2.331163
632.19 2.181095
632.2 2.108394
632.22 2.031463
632.26 1.965931
632.34 1.921842
632.66 1.879422
632.98 1.859487
633.3 1.859652
633.34 1.888317
633.35 1.915077
633.39 1.861817
633.55 1.831675
634.19 1.814457
634.27 1.825794
634.35 1.861794
634.39 1.906394
634.41 1.951019
634.43 2.030594
634.44 2.097539
634.45 2.205511
634.46 2.442022
634.47 2.257997
634.48 2.127285
634.49 2.052052
634.51 1.970913
634.52 1.95864
634.54 1.897964
634.58 1.846758
634.66 1.80623
634.98 1.765104
637.54 1.667853
638.18 1.652553
638.66 1.664164
638.78 1.705371
638.82 1.747668
638.84 1.785781
638.86 1.848349
638.87 1.896312
638.88 1.964462
638.89 2.070881
638.9 2.278485
638.91 2.176755
638.92 2.022743
638.93 1.933915
638.95 1.83127
638.97 1.773722
639.01 1.713573
639.09 1.665956
639.41 1.626692
639.97 1.621142
640.05 1.655124
640.08 1.716151
640.09 1.783255
640.11 1.697733
640.15 1.640652
640.23 1.616353
640.29 1.620887
640.31 1.644733
640.33 1.617698
640.65 1.590205
641.29 1.577851
641.49 1.589334
641.53 1.616589
641.61 1.581431
641.93 1.57356
642.17 1.601042
642.25 1.651283
642.29 1.721036
642.31 1.792326
642.32 1.84833
642.33 1.930471
642.34 2.066969
642.35 2.394256
642.36 2.056079
642.37 1.92386
642.38 1.843313
642.4 1.74763
642.42 1.693301
642.46 1.635965
642.54 1.590888
642.86 1.553574
644.14 1.531082
644.46 1.540083
644.62 1.563881
644.7 1.607585
644.74 1.662979
644.76 1.714588
644.78 1.805024
644.79 1.882391
644.8 2.016639
644.81 2.013642
644.82 1.880915
644.83 1.804195
644.85 1.714356
644.89 1.628441
644.97 1.568379
645.13 1.537953
645.45 1.530649
645.61 1.551934
645.65 1.589156
645.66 1.614798
645.67 1.684561
645.68 1.615877
645.7 1.573883
645.78 1.536028
647.06 1.495593
647.38 1.496583
647.62 1.518984
647.7 1.550494
647.74 1.585748
647.78 1.662925
647.8 1.74123
647.81 1.802397
647.82 1.891509
647.83 2.037971
647.84 2.403709
647.85 2.034868
647.86 1.889265
647.87 1.80032
647.89 1.6943
647.91 1.633868
647.95 1.56991
648.03 1.520167
648.19 1.489107
649.47 1.460087
650.43 1.460745
650.67 1.48577
650.71 1.517015
650.73 1.571422
650.75 1.526279
650.79 1.490063
650.95 1.472064
651.11 1.479269
651.27 1.511749
651.35 1.562455
651.39 1.620495
651.41 1.67001
651.43 1.748258
651.44 1.80626
651.45 1.886078
651.46 2.004568
651.47 2.211455
651.48 2.273573
651.49 2.05802
651.5 1.950447
651.51 1.889472
651.52 1.857397
651.53 1.84904
651.54 1.864417
651.55 1.920293
651.56 1.954027
651.57 1.827535
651.58 1.755734
651.6 1.669785
651.64 1.585113
651.72 1.520979
652.0 1.474532
652.64 1.479705
652.8 1.498431
652.84 1.515175
652.92 1.490762
653.24 1.48581
653.56 1.52431
653.64 1.570959
653.68 1.626273
653.7 1.675124
653.72 1.754351
653.73 1.81462
653.74 1.899924
653.75 2.03297
653.76 2.295806
653.78 1.957721
653.79 1.853992
653.81 1.732717
653.83 1.66446
653.87 1.593469
653.95 1.540744
654.11 1.518853
654.27 1.525009
654.43 1.551485
654.51 1.580449
654.59 1.640398
654.63 1.703357
654.65 1.755656
654.67 1.837033
654.68 1.897231
654.69 1.980673
654.7 2.107666
654.71 2.34752
654.72 2.264978
654.73 2.095276
654.74 2.00594
654.75 1.95302
654.77 1.90625
654.79 1.911387
654.81 1.965301
654.82 2.01713
654.83 2.095754
654.84 2.222705
654.85 2.474225
654.86 2.351364
654.87 2.171863
654.88 2.072267
654.89 2.009663
654.91 1.944104
654.93 1.927877
654.95 1.950926
654.97 2.022403
654.98 2.087483
654.99 2.190005
655.0 2.379354
655.01 2.403529
655.02 2.224561
655.03 2.138793
655.04 2.093273
655.06 2.071118
655.08 2.120868
655.09 2.177254
655.1 2.265918
655.11 2.413073
655.12 2.771673
655.13 2.454631
655.14 2.332721
655.15 2.276066
655.16 2.259239
655.17 2.276029
655.18 2.330008
655.19 2.438867
655.2 2.669594
655.21 2.579918
655.22 2.396391
655.23 2.303304
655.24 2.258755
655.25 2.250671
655.26 2.278991
655.27 2.354782
655.28 2.516225
655.29 3.003094
655.3 2.481521
655.31 2.268188
655.32 2.13854
655.33 2.049221
655.35 1.934463
655.37 1.865924
655.41 1.795064
655.45 1.770677
655.49 1.77869
655.53 1.827694
655.55 1.880205
655.57 1.971641
655.58 2.044619
655.59 2.153377
655.6 2.342305
655.61 2.422135
655.62 2.195332
655.63 2.07524
655.64 1.998116
655.66 1.905642
655.68 1.856282
655.72 1.820151
655.76 1.834179
655.8 1.899878
655.82 1.96535
655.84 2.07447
655.85 2.159525
655.86 2.286362
655.87 2.519524
655.89 2.294726
655.9 2.239769
655.91 2.221681
655.92 2.231996
655.93 2.269895
655.94 2.341648
655.95 2.467787
655.96 2.726118
655.97 2.587951
655.98 2.480715
655.99 2.467789
656.0 2.558452
656.01 2.546762
656.02 2.331306
656.03 2.21122
656.04 2.131521
656.06 2.034465
656.08 1.983771
656.1 1.960984
656.12 1.95969
656.14 1.979491
656.16 2.024464
656.18 2.106686
656.19 2.169939
656.2 2.257294
656.21 2.38565
656.22 2.605553
656.23 2.610781
656.24 2.558983
656.25 2.652489
656.27 2.345935
656.28 2.252457
656.29 2.191501
656.31 2.127923
656.33 2.120563
656.35 2.168325
656.36 2.219873
656.37 2.30317
656.38 2.45382
656.39 2.450757
656.4 2.38807
656.41 2.403767
656.42 2.539811
656.43 2.359732
656.44 2.299304
656.45 2.291075
656.46 2.354587
656.47 2.271945
656.48 2.214237
656.49 2.105198
656.51 1.98107
656.53 1.906607
656.57 1.821569
656.65 1.748394
656.81 1.706998
657.13 1.718224
657.29 1.738716
657.45 1.784332
657.49 1.827952
657.5 1.852342
657.51 1.898069
657.52 1.900825
657.53 1.857016
657.55 1.82164
657.63 1.793736
657.87 1.826
657.95 1.873421
657.99 1.943063
658.01 2.023732
658.02 2.083457
658.03 2.194117
658.04 2.370138
658.05 2.154463
658.06 2.059827
658.08 1.962514
658.1 1.911986
658.14 1.861734
658.22 1.823086
658.7 1.753443
658.78 1.762548
658.81 1.803083
658.82 1.80122
658.84 1.760807
658.92 1.718314
659.56 1.605237
660.2 1.529332
661.16 1.471523
661.32 1.488084
661.36 1.505915
661.4 1.547494
661.42 1.591983
661.44 1.682724
661.45 1.779021
661.46 1.913164
661.47 1.737647
661.48 1.659383
661.5 1.578862
661.54 1.511865
661.62 1.468824
661.94 1.433356
662.58 1.412525
662.82 1.420554
663.14 1.401426
664.42 1.389199
664.5 1.397256
665.14 1.392177
665.3 1.39479
665.46 1.417568
665.54 1.444325
665.58 1.478525
665.62 1.552815
665.64 1.628922
665.65 1.689206
665.66 1.778876
665.68 2.089789
665.69 1.851549
665.7 1.736085
665.71 1.66135
665.73 1.571837
665.77 1.489864
665.83 1.453614
665.85 1.469581
665.89 1.426293
666.05 1.396749
666.29 1.402818
666.37 1.394721
666.53 1.427754
666.59 1.49519
666.61 1.562509
666.62 1.63077
666.63 1.801334
666.64 1.653102
666.65 1.577863
666.67 1.500558
666.71 1.443891
666.77 1.435543
666.81 1.406597
666.97 1.384644
669.29 1.377959
669.61 1.405625
669.69 1.42831
669.73 1.454326
669.77 1.504793
669.79 1.550242
669.81 1.625156
669.82 1.682803
669.83 1.764508
669.84 1.889623
669.85 2.116103
669.86 2.296271
669.87 1.967432
669.88 1.81092
669.89 1.714164
669.91 1.599539
669.93 1.535306
669.97 1.468698
670.05 1.418203
670.21 1.39154
670.85 1.379343
671.33 1.395427
671.49 1.427475
671.57 1.482745
671.61 1.553832
671.63 1.62198
671.64 1.673475
671.65 1.746649
671.66 1.863119
671.67 2.076917
671.68 1.84224
671.69 1.737671
671.71 1.624944
671.73 1.566035
671.77 1.522572
671.79 1.536582
671.8 1.570429
671.81 1.557238
671.83 1.490942
671.87 1.446523
672.03 1.402678
672.35 1.393023
672.51 1.402972
672.53 1.419728
672.57 1.401558
672.73 1.415354
672.77 1.449148
672.78 1.470664
672.79 1.514524
672.8 1.508177
672.82 1.446777
672.86 1.412673
673.02 1.390438
673.66 1.391951
673.82 1.419375
673.86 1.44923
673.88 1.48141
673.9 1.550779
673.91 1.635718
673.92 1.619594
673.93 1.543869
673.95 1.478808
673.99 1.430423
674.07 1.402643
674.71 1.387627
675.67 1.394627
675.99 1.418072
676.03 1.441758
676.05 1.473244
676.06 1.513959
676.08 1.459118
676.12 1.424276
676.28 1.402827
677.08 1.419561
677.12 1.435555
677.14 1.469249
677.18 1.428017
677.5 1.4174
677.82 1.433302
677.9 1.452642
677.91 1.468779
677.95 1.442709
678.59 1.420699
681.15 1.435176
683.39 1.468118
683.55 1.492957
683.59 1.519749
683.62 1.576578
683.63 1.623443
683.64 1.71499
683.65 1.6118
683.67 1.546963
683.71 1.504351
683.87 1.477137
684.03 1.477036
684.19 1.497724
684.23 1.535329
684.24 1.567102
684.28 1.50745
684.44 1.480403
689.56 1.567345
691.16 1.632099
691.32 1.65737
691.36 1.690841
691.4 1.664215
691.46 1.672938
691.62 1.667049
691.66 1.689165
691.74 1.666986
692.06 1.686926
692.22 1.724029
692.26 1.752872
692.3 1.811798
692.32 1.868566
692.34 1.970402
692.35 2.058174
692.36 2.207788
692.37 2.434433
692.38 2.155338
692.39 2.029689
692.4 1.952091
692.42 1.859614
692.46 1.774188
692.54 1.716345
692.7 1.68806
693.02 1.682952
693.26 1.709636
693.34 1.745977
693.38 1.786706
693.42 1.871149
693.44 1.955562
693.45 2.022144
693.46 2.122494
693.47 2.30434
693.48 2.242795
693.49 2.091756
693.5 2.00249
693.52 1.896936
693.54 1.836242
693.58 1.771344
693.66 1.72021
693.82 1.692009
694.46 1.695025
694.62 1.72098
694.66 1.740675
694.7 1.782956
694.72 1.82645
694.74 1.912186
694.75 1.997993
694.76 2.210886
694.77 2.022491
694.78 1.92571
694.8 1.833652
694.84 1.762242
694.92 1.721302
695.24 1.70472
695.96 1.731013
696.04 1.760049
696.06 1.782199
696.08 1.834638
696.09 1.925859
696.1 1.838808
696.12 1.784914
696.16 1.751637
696.32 1.732617
698.8 1.811447
698.92 1.833054
698.96 1.865773
698.97 1.887437
698.98 1.944133
698.99 1.892032
699.01 1.856382
699.09 1.827777
699.73 1.841969
700.37 1.876477
700.61 1.909122
700.73 1.96874
700.77 2.02318
700.79 2.073163
700.81 2.157055
700.82 2.222964
700.83 2.318866
700.84 2.473848
700.85 2.798413
700.86 2.633267
700.87 2.404087
700.88 2.278903
700.89 2.197718
700.91 2.098977
700.93 2.042784
700.97 1.984386
701.05 1.941998
701.21 1.929729
701.29 1.943118
701.33 1.965812
701.35 1.993464
701.36 2.02323
701.37 2.020344
701.39 1.981151
701.43 1.963284
701.47 1.975253
701.49 2.00026
701.51 2.068575
701.52 2.014572
701.54 1.976476
701.62 1.940849
702.26 1.953485
702.9 2.000436
702.98 2.025696
702.99 2.039298
703.01 2.017659
703.33 2.007999
705.89 2.129365
707.97 2.268603
708.09 2.296512
708.13 2.341759
708.14 2.382321
708.16 2.336716
708.2 2.30376
708.36 2.296167
709.0 2.341082
709.56 2.404701
709.62 2.450145
709.64 2.500153
709.66 2.446782
709.74 2.41539
710.38 2.461316
711.02 2.528497
711.42 2.592584
711.46 2.619026
711.48 2.651954
711.49 2.691158
711.5 2.694385
711.51 2.656486
711.55 2.616546
711.71 2.614503
712.35 2.705861
712.99 2.836708
713.31 2.927662
713.63 3.048617
713.95 3.22355
714.11 3.344212
714.27 3.50022
714.43 3.704182
714.51 3.831389
714.59 3.981841
714.67 4.15985
714.75 4.374008
714.83 4.63426
714.91 4.955066
714.95 5.144412
714.99 5.357606
715.03 5.599333
715.07 5.875577
715.11 6.194489
715.15 6.568553
715.17 6.77875
715.19 7.010099
715.21 7.265734
715.23 7.550469
715.25 7.871094
715.27 8.23754
715.29 8.665043
715.3 8.908981
715.31 9.178922
715.32 9.481416
715.33 9.825906
715.34 10.0
715.45 10.0
715.47 9.368978
715.48 9.08339
715.49 8.827354
715.51 8.382635
715.53 8.004981
715.55 7.676882
715.57 7.387161
715.59 7.128228
715.61 6.894664
715.65 6.488487
715.69 6.1461
715.73 5.853059
715.77 5.599447
715.81 5.377931
715.85 5.182977
715.93 4.857368
716.01 4.598237
716.09 4.389227
716.17 4.218919
716.25 4.079039
716.41 3.86746
716.57 3.720731
716.73 3.621725
716.81 3.60473
716.83 3.621007
716.85 3.582937
716.93 3.533095
717.25 3.448382
717.57 3.415747
717.89 3.416735
718.05 3.437012
718.17 3.490785
718.21 3.542011
718.23 3.587979
718.25 3.665052
718.27 3.801363
718.28 3.925036
718.29 4.158246
718.3 4.255189
718.31 3.970652
718.32 3.833201
718.33 3.74996
718.34 3.696313
718.35 3.664715
718.36 3.653633
718.37 3.603394
718.39 3.553409
718.43 3.505882
718.51 3.471915
718.83 3.471086
719.47 3.55419
719.63 3.606641
719.67 3.634541
719.71 3.683659
719.73 3.726015
719.75 3.794736
719.76 3.847539
719.77 3.92331
719.78 4.04437
719.79 4.297296
719.81 3.976637
719.82 3.886986
719.84 3.786163
719.86 3.732133
719.9 3.679705
719.98 3.647676
720.3 3.666054
721.58 3.886991
722.86 4.167547
723.18 4.280407
723.26 4.347549
723.3 4.415107
723.32 4.471377
723.34 4.559922
723.35 4.627098
723.36 4.723807
723.37 4.88322
723.38 5.006908
723.39 4.790323
723.4 4.676725
723.41 4.603175
723.43 4.512592
723.47 4.428192
723.55 4.379058
723.71 4.38174
724.35 4.529621
725.63 4.900749
726.43 5.170622
726.59 5.24959
726.63 5.301418
726.64 5.33344
726.68 5.292189
726.76 5.295149
726.92 5.346048
727.08 5.42354
727.24 5.466323
727.88 5.730453
728.05 5.826891
728.06 5.862668
728.07 5.834623
728.23 5.880872
728.87 6.15331
729.51 6.464945
729.91 6.684565
729.99 6.762122
730.0 6.785904
730.01 6.840117
730.02 6.801962
730.06 6.779578
730.22 6.852438
730.86 7.247656
731.02 7.366011
731.14 7.477301
731.18 7.551796
731.19 7.574996
731.21 7.540456
731.29 7.551872
731.61 7.72505
732.25 8.16419
732.89 8.664561
733.53 9.222593
733.85 9.526705
734.17 9.859063
734.27 9.987276
734.31 10.0
775.29 10.0
775.31 9.985723
775.39 9.686886
775.47 9.418728
775.55 9.177418
775.63 8.959273
775.79 8.581921
775.95 8.271738
776.03 8.143254
776.11 8.042476
776.15 8.012824
776.19 8.015501
776.21 8.042679
776.23 8.106714
776.24 8.16426
776.25 8.254423
776.26 8.412741
776.27 8.595318
776.28 8.304921
776.29 8.15235
776.3 8.049235
776.32 7.911269
776.34 7.818964
776.38 7.69538
776.46 7.538392
776.58 7.378148
776.63 7.353852
776.65 7.303448
776.73 7.199081
776.89 7.036647
777.09 6.876727
777.15 6.870645
777.19 6.796999
777.35 6.655036
777.67 6.431965
777.99 6.242582
778.15 6.163424
778.19 6.166805
778.23 6.120827
778.55 5.940296
779.19 5.648166
779.51 5.53769
779.59 5.535301
779.63 5.555664
779.65 5.580575
779.67 5.627274
779.69 5.722927
779.7 5.815523
779.71 6.0011
779.72 5.972391
779.73 5.793355
779.74 5.697448
779.76 5.589852
779.78 5.529248
779.82 5.461413
779.9 5.393263
780.22 5.252128
780.86 5.036083
781.82 4.762884
782.14 4.70121
782.22 4.700529
782.3 4.725619
782.34 4.764674
782.38 4.854862
782.4 4.946356
782.41 5.017044
782.42 5.119208
782.43 5.285442
782.44 5.488662
782.45 5.210625
782.46 5.068223
782.47 4.974441
782.49 4.854969
782.51 4.779851
782.55 4.692116
782.63 4.60807
782.79 4.530459
783.35 4.387145
783.51 4.352426
783.59 4.352122
783.63 4.374221
783.65 4.419641
783.66 4.504249
783.67 4.420836
783.69 4.362751
783.73 4.320998
783.89 4.2653
784.37 4.180852
784.53 4.194838
784.57 4.219189
784.61 4.272435
784.63 4.322519
784.65 4.406051
784.66 4.470517
784.67 4.562681
784.68 4.708386
784.69 5.01749
784.7 4.762781
784.71 4.588364
784.72 4.481223
784.74 4.351194
784.76 4.274553
784.8 4.188959
784.88 4.111835
785.04 4.045831
785.52 3.951573
785.6 3.959905
785.64 3.999556
785.66 4.053064
785.67 4.020472
785.69 4.021931
785.71 3.962183
785.75 3.923774
785.91 3.871793
787.19 3.653425
788.47 3.467059
788.87 3.425435
789.19 3.372092
790.47 3.222035
791.11 3.162261
791.27 3.171337
791.29 3.188753
791.33 3.15734
791.65 3.096914
791.97 3.059835
792.21 3.051181
792.25 3.078092
792.26 3.105004
792.3 3.05037
792.46 3.011817
792.94 2.985919
793.02 3.010162
793.04 3.031016
793.06 3.078323
793.08 3.041128
793.12 3.050403
793.14 3.075015
793.16 3.120374
793.18 3.207042
793.19 3.282735
793.2 3.408087
793.21 3.680253
793.22 3.539498
793.23 3.346255
793.24 3.242248
793.25 3.175108
793.27 3.09336
793.31 3.016884
793.39 2.964247
793.55 2.915392
794.51 2.817748
794.65 2.823901
794.67 2.829409
794.75 2.79937
797.31 2.606637
798.59 2.530629
798.67 2.541512
798.71 2.563873
798.73 2.590699
798.75 2.655242
798.76 2.756279
798.77 2.671638
798.78 2.620998
798.8 2.57374
798.84 2.535921
799.0 2.498953
799.32 2.478242
799.38 2.499122
799.46 2.468079
800.0 2.429767
