50.0 0.1366124
51.28 0.2068248
51.92 0.2777608
52.0 0.2941254
52.02 0.3155657
52.06 0.301399
52.38 0.3599232
52.53 0.4181614
52.54 0.450181
52.56 0.422124
52.72 0.4496036
52.96 0.5459758
53.04 0.6100741
53.06 0.6645469
53.07 0.7067474
53.08 0.6512475
53.12 0.6317419
53.28 0.6904128
53.44 0.8027452
53.52 0.8909153
53.56 0.9633414
53.58 1.036425
53.59 1.131815
53.6 1.174041
53.61 1.071641
53.63 1.02621
53.67 1.015717
53.75 1.050624
53.83 1.115145
53.91 1.206696
53.99 1.332661
54.03 1.416188
54.07 1.528115
54.09 1.609334
54.1 1.665229
54.11 1.743469
54.12 1.879355
54.13 3.040764
54.14 1.914088
54.15 1.807703
54.16 1.757736
54.18 1.713073
54.22 1.696191
54.3 1.748615
54.38 1.859397
54.46 2.025656
54.5 2.135471
54.54 2.269418
54.58 2.439696
54.6 2.547933
54.62 2.685169
54.63 2.772988
54.64 2.883998
54.65 3.039144
54.66 3.290752
54.67 4.330378
54.68 3.438788
54.69 3.187567
54.7 3.068691
54.71 2.998302
54.73 2.922749
54.75 2.889048
54.79 2.8787
54.83 2.909557
54.87 2.969499
54.91 3.055894
54.95 3.164706
54.99 3.303075
55.03 3.474464
55.07 3.686383
55.11 3.95477
55.13 4.120738
55.15 4.320643
55.17 4.575372
55.18 4.737893
55.19 4.94378
55.2 5.227297
55.21 5.691245
55.22 7.409314
55.23 5.984447
55.24 5.501162
55.25 5.264701
55.26 5.11961
55.27 5.022144
55.29 4.903918
55.31 4.842287
55.33 4.81352
55.37 4.817678
55.41 4.881213
55.45 4.988715
55.49 5.142786
55.53 5.34573
55.57 5.603408
55.61 5.925641
55.63 6.116825
55.65 6.332458
55.67 6.579803
55.69 6.865743
55.71 7.205499
55.72 7.407234
55.73 7.639303
55.74 7.914599
55.75 8.255421
55.76 8.709897
55.77 9.40252
55.78 10.0
55.79 10.0
55.8 9.45443
55.81 8.976149
55.82 8.686681
55.83 8.492158
55.84 8.354188
55.85 8.253536
55.87 8.124584
55.89 8.059859
55.91 8.039289
55.93 8.052704
55.97 8.156937
55.99 8.24454
56.01 8.35639
56.03 8.492202
56.05 8.652715
56.07 8.839491
56.09 9.054893
56.11 9.302071
56.13 9.585855
56.15 9.911221
56.16 10.0
63.34 10.0
63.39 9.85477
63.41 9.82736
63.43 9.832199
63.45 9.873113
63.48 10.0
63.61 10.0
63.63 9.395011
63.65 8.906159
63.67 8.511468
63.69 8.181344
63.71 7.897426
63.73 7.648965
63.75 7.429602
63.77 7.235011
63.81 6.909121
63.85 6.656343
63.89 6.469366
63.93 6.337533
63.97 6.267443
63.99 6.2588
64.01 6.270723
64.03 6.308882
64.05 6.383584
64.07 6.516782
64.08 6.619822
64.09 6.763751
64.1 6.976195
64.11 7.322601
64.12 8.0511
64.13 9.33538
64.14 7.490161
64.15 6.893
64.16 6.526137
64.17 6.24928
64.18 6.032437
64.19 5.851725
64.21 5.55765
64.23 5.320045
64.25 5.119129
64.27 4.944519
64.31 4.653387
64.35 4.420829
64.39 4.235341
64.43 4.089749
64.47 3.977808
64.51 3.90379
64.55 3.861695
64.59 3.86731
64.61 3.902376
64.63 3.978442
64.64 4.044437
64.65 4.145407
64.66 4.314282
64.67 4.667247
64.68 5.972084
64.69 4.472007
64.7 4.116523
64.71 3.904105
64.72 3.751215
64.73 3.630583
64.75 3.442945
64.77 3.295249
64.81 3.064626
64.85 2.884812
64.89 2.738071
64.97 2.518285
65.05 2.37593
65.09 2.332888
65.13 2.313843
65.17 2.340279
65.19 2.397325
65.2 2.455341
65.21 2.566399
65.22 2.904822
65.23 2.762902
65.24 2.471198
65.25 2.334894
65.26 2.244263
65.28 2.119178
65.32 1.95497
65.36 1.835764
65.44 1.660263
65.52 1.532063
65.6 1.443922
65.68 1.395661
65.72 1.40301
65.74 1.437805
65.75 1.483692
65.76 1.624251
65.77 1.597644
65.78 1.443849
65.79 1.377274
65.81 1.300151
65.85 1.208903
65.93 1.090852
66.01 1.005415
66.17 0.8926176
66.25 0.867607
66.27 0.8728709
66.29 0.9056268
66.3 1.021695
66.31 0.9160207
66.32 0.8655363
66.36 0.7940683
66.52 0.6738248
66.76 0.5767828
66.82 0.5771911
66.84 0.6130314
66.85 0.5706882
66.93 0.5139249
67.25 0.4201671
67.36 0.4139082
67.37 0.4541355
67.38 0.4061862
67.54 0.3579288
67.86 0.3087329
67.9 0.3191113
67.94 0.2982739
68.58 0.2330217
69.86 0.1637357
72.42 0.1007759
77.54 0.05511771
87.78 0.02965329
101.7 0.03698009
101.74 0.04994052
101.9 0.030107
109.58 0.05037753
110.78 0.06509183
110.84 0.08877863
110.92 0.06295688
113.48 0.09966566
114.76 0.1578527
115.4 0.2126525
116.04 0.3070168
116.36 0.3817261
116.68 0.4885486
117.0 0.6478792
117.16 0.758133
117.32 0.8981203
117.48 1.079017
117.64 1.31711
117.72 1.464893
117.8 1.637199
117.88 1.839388
117.96 2.078324
118.04 2.362946
118.12 2.705142
118.16 2.902677
118.2 3.121149
118.24 3.363675
118.28 3.634096
118.32 3.937347
118.36 4.281229
118.4 4.663215
118.44 5.102049
118.48 5.60959
118.5 5.894475
118.52 6.203996
118.54 6.542032
118.56 6.913557
118.58 7.325159
118.6 7.78585
118.62 8.308506
118.63 8.598756
118.64 8.912507
118.65 9.254061
118.67 10.0
118.83 10.0
118.84 9.645084
118.85 9.266541
118.86 8.921991
118.87 8.605624
118.88 8.313086
118.9 7.786591
118.92 7.322776
118.94 6.908565
118.96 6.534814
118.98 6.194853
119.0 5.883648
119.02 5.597319
119.06 5.086892
119.1 4.644792
119.14 4.25809
119.18 3.917071
119.22 3.614458
119.26 3.345069
119.3 3.102139
119.34 2.882572
119.42 2.505249
119.5 2.193515
119.58 1.93322
119.66 1.713984
119.74 1.527947
119.82 1.369023
119.98 1.1143
120.14 0.9220014
120.3 0.774054
120.46 0.6582187
120.78 0.4919839
121.1 0.3813869
121.42 0.3046025
122.06 0.2083677
122.7 0.1531042
123.98 0.1032866
124.06 0.1183497
124.09 0.1439168
124.13 0.1100001
124.45 0.08495533
125.33 0.07738143
125.39 0.1055309
125.47 0.07411619
128.03 0.04333175
141.95 0.02864677
142.11 0.04225624
142.15 0.06049144
142.17 0.08828935
142.21 0.05378932
142.37 0.02958175
144.77 0.02750002
144.91 0.04554669
145.11 0.02663431
164.87 0.04201893
164.95 0.0646462
165.03 0.04265028
165.67 0.04902349
165.75 0.07468261
165.78 0.1218627
165.82 0.07396281
165.9 0.04918922
168.46 0.04268931
173.58 0.0696101
176.7 0.1192382
177.98 0.1658003
179.26 0.2562317
179.9 0.3349797
180.54 0.4555766
180.86 0.5400866
181.18 0.647182
181.5 0.7829554
181.82 0.9535861
182.14 1.162877
182.78 1.652344
182.94 1.761261
183.26 1.92201
183.3 1.973908
183.31 2.131456
183.32 1.971698
183.36 1.916567
183.68 1.73731
184.16 1.380705
184.32 1.278244
184.36 1.276378
184.38 1.297026
184.4 1.242597
184.48 1.154701
184.64 1.042573
184.74 0.9948018
184.9 0.8890685
185.22 0.7352409
185.54 0.6163949
185.86 0.5190627
186.5 0.3828557
187.14 0.2952239
188.42 0.1927935
189.7 0.1402001
192.9 0.08496462
193.34 0.09562923
193.98 0.07641158
195.26 0.07717838
195.38 0.1025613
195.42 0.1529083
195.43 0.2059477
195.44 0.1549417
195.48 0.1029388
195.64 0.07701211
195.72 0.09339886
195.8 0.07258653
206.04 0.05006985
206.12 0.0571574
208.36 0.0494139
208.6 0.07145689
208.64 0.1134043
208.68 0.07366844
208.84 0.05120202
210.76 0.05774405
210.8 0.06988518
210.96 0.04821745
214.8 0.05051586
214.92 0.06890637
214.96 0.1009963
215.0 0.06534297
215.32 0.04682422
225.88 0.0561093
226.04 0.07491815
226.36 0.05418956
228.92 0.04918938
229.56 0.0603279
230.84 0.052309
231.16 0.06600486
231.24 0.09786177
231.27 0.1476088
231.28 0.1975717
231.3 0.1296278
231.34 0.08569076
231.5 0.05740347
233.42 0.05919471
233.9 0.08340998
233.94 0.101067
234.1 0.07195558
235.38 0.05865963
235.62 0.08543616
235.68 0.1390206
235.7 0.1997477
235.71 0.2974007
235.72 0.1981767
235.74 0.1384656
235.78 0.09539396
235.94 0.062524
236.9 0.06143293
237.06 0.0870481
237.1 0.1153667
237.12 0.146406
237.14 0.2199654
237.15 0.2364989
237.16 0.1812986
237.18 0.1319443
237.22 0.09317144
237.38 0.06197581
238.66 0.05712004
238.98 0.07775587
239.02 0.09316016
239.06 0.1320537
239.08 0.1831102
239.09 0.2430386
239.11 0.1705942
239.13 0.1268566
239.17 0.09172192
239.33 0.06384342
241.89 0.0595273
242.21 0.08187735
242.25 0.09871388
242.29 0.1419619
242.31 0.2024781
242.32 0.2574538
242.33 0.1902624
242.35 0.1372655
242.39 0.09716714
242.55 0.06549428
243.19 0.06311444
243.35 0.08175827
243.39 0.1001725
243.43 0.1451069
243.44 0.1714635
243.45 0.2200369
243.46 0.2042544
243.48 0.139856
243.52 0.0966338
243.68 0.06448642
244.08 0.06254475
244.16 0.08576543
244.24 0.061649
246.8 0.0557879
247.72 0.07031723
247.76 0.0947791
247.84 0.06709405
248.0 0.06960159
248.12 0.100539
248.16 0.1514283
248.17 0.1817891
248.18 0.2407457
248.21 0.1443045
248.25 0.09832797
248.41 0.06573073
249.37 0.06207682
249.69 0.08590234
249.73 0.1024261
249.77 0.1455601
249.79 0.2057983
249.8 0.1647327
249.84 0.1191565
249.88 0.1144948
249.92 0.1346588
249.95 0.1911746
249.96 0.2462556
249.98 0.1699422
250.02 0.1121866
250.1 0.08099541
250.74 0.06223483
251.06 0.06404338
258.1 0.06508526
258.2 0.08780998
258.28 0.06770081
258.6 0.08096311
258.68 0.1209934
258.7 0.1546292
258.71 0.1886351
258.72 0.2012087
258.74 0.1386052
258.78 0.09876363
258.94 0.06914002
262.78 0.0708635
262.82 0.07815878
262.86 0.1069537
262.9 0.07716174
263.22 0.0676322
263.54 0.07831439
263.62 0.09974534
263.66 0.1367131
263.68 0.1869631
263.69 0.2496198
263.71 0.1702087
263.73 0.1299978
263.77 0.09821535
264.09 0.06781934
264.89 0.07615143
264.93 0.09010661
265.09 0.06763247
267.01 0.07171549
267.21 0.1001894
267.25 0.1401559
267.27 0.17909
267.29 0.1288064
267.33 0.09681344
267.49 0.07279041
272.61 0.07090516
272.93 0.08655389
273.01 0.1231721
273.04 0.1820492
273.05 0.2463428
273.06 0.1894517
273.08 0.1383776
273.12 0.102767
273.28 0.07643647
273.92 0.07131465
274.4 0.08751316
274.44 0.1020684
274.48 0.1537702
274.5 0.1150146
274.58 0.08347071
275.86 0.07444128
276.34 0.08567498
276.66 0.07748861
276.9 0.09543843
276.92 0.1138376
277.0 0.08243586
279.4 0.07960435
279.48 0.1022883
279.64 0.07651699
279.88 0.08340585
282.76 0.08022541
282.84 0.1052253
282.92 0.07996156
285.48 0.07947855
285.96 0.1006083
286.04 0.1339538
286.06 0.1563301
286.09 0.2329505
286.1 0.2021098
286.12 0.1918295
286.14 0.2183175
286.16 0.2773089
286.17 0.2189398
286.19 0.1700359
286.23 0.1366278
286.27 0.1358723
286.29 0.1537136
286.37 0.1032903
286.69 0.08226964
287.97 0.07991076
288.77 0.09450398
288.89 0.1293821
288.93 0.1777839
288.95 0.2431815
288.96 0.3133299
288.97 0.234796
288.99 0.1758391
289.03 0.1291108
289.11 0.1005199
289.75 0.0816678
290.95 0.08787769
292.87 0.08708953
293.11 0.1120676
293.15 0.1424049
293.17 0.1953188
293.19 0.1462413
293.23 0.1136621
293.39 0.0922266
293.47 0.09305597
293.55 0.1130411
293.63 0.09097434
297.47 0.09030362
298.43 0.1086453
298.47 0.12159
298.63 0.1019071
299.91 0.09400108
300.63 0.1093956
300.69 0.1392104
300.73 0.112628
301.05 0.1019868
301.61 0.120765
301.73 0.1559764
301.77 0.2022769
301.79 0.2550293
301.8 0.3028021
301.81 0.3941836
301.82 0.3481611
301.83 0.2805273
301.85 0.213916
301.89 0.1590916
301.97 0.1244617
302.29 0.1029778
302.93 0.1056126
303.09 0.129784
303.13 0.1582459
303.15 0.1927068
303.16 0.2286281
303.17 0.2277349
303.19 0.1717974
303.23 0.134362
303.39 0.1058715
309.95 0.116419
310.07 0.1445423
310.15 0.1189676
315.27 0.144908
315.75 0.1663395
315.83 0.201079
315.86 0.2536411
315.87 0.3007172
315.88 0.3027822
315.89 0.2553099
315.91 0.2149535
315.95 0.1850854
316.11 0.1697179
316.19 0.1776093
316.27 0.2088109
316.31 0.2697757
316.33 0.3393333
316.34 0.2847767
316.36 0.2369921
316.4 0.1995649
316.56 0.1713857
316.68 0.1873515
316.84 0.168261
317.16 0.1796415
317.2 0.190587
317.36 0.1756032
318.64 0.2065532
319.76 0.2686709
319.92 0.3053747
319.96 0.3399505
319.98 0.3811161
319.99 0.4238297
320.0 0.4464479
320.01 0.3936614
320.03 0.3497962
320.07 0.3186195
320.23 0.3055434
321.51 0.4220852
322.15 0.5159867
322.47 0.5849853
322.79 0.6766852
323.11 0.7966541
323.43 0.9528202
323.75 1.154791
324.07 1.402637
324.71 1.980845
324.87 2.09863
325.11 2.225799
325.14 2.264478
325.15 2.320439
325.17 2.252817
325.21 2.2105
325.37 2.119813
325.53 2.006336
326.17 1.436064
326.49 1.19943
326.73 1.053368
326.81 1.03448
326.85 1.05325
326.88 1.114512
326.89 1.164133
326.9 1.27754
326.91 1.167894
326.92 1.101241
326.94 1.026618
326.98 0.951009
327.06 0.8762035
327.22 0.7879887
327.54 0.6652077
327.78 0.6046146
327.84 0.6241508
327.92 0.5669046
328.24 0.488256
328.88 0.3891416
329.52 0.3246795
330.8 0.2497058
332.08 0.2130068
332.56 0.2246488
332.64 0.2565506
332.68 0.3137431
332.69 0.3456964
332.7 0.4027759
332.71 0.3954548
332.72 0.3430326
332.74 0.293547
332.78 0.256051
332.82 0.2472165
332.86 0.2602842
332.88 0.2941243
332.92 0.2395475
333.08 0.2031309
335.0 0.1742822
335.24 0.1901472
335.27 0.2218491
335.31 0.1869204
335.95 0.1673621
342.99 0.1595352
343.15 0.175643
343.18 0.2009949
343.22 0.2006934
343.24 0.2270155
343.26 0.1922985
343.34 0.1672248
348.3 0.1661565
351.5 0.1917886
351.66 0.2084035
351.98 0.1968378
352.22 0.2246282
352.26 0.2488422
352.3 0.3135718
352.31 0.3503547
352.32 0.4176325
352.33 0.4008846
352.34 0.3425698
352.36 0.2868147
352.4 0.2421997
352.48 0.2185455
352.56 0.2269491
352.59 0.2577748
352.63 0.2245612
352.71 0.2171621
352.75 0.2273448
352.79 0.2637662
352.8 0.2864343
352.81 0.3301042
352.82 0.3323982
352.83 0.2866343
352.85 0.2476439
352.93 0.206884
353.57 0.1902997
354.85 0.2045059
354.97 0.2311635
355.01 0.2791347
355.02 0.3018944
355.04 0.2541814
355.12 0.2141866
355.76 0.2020983
357.04 0.2124488
357.52 0.2383866
357.56 0.2539506
357.6 0.2937499
357.62 0.349966
357.63 0.4394858
357.64 0.3486458
357.66 0.2939873
357.7 0.2556269
357.86 0.2297716
358.02 0.2322934
358.14 0.2560043
358.18 0.2976648
358.19 0.3256723
358.2 0.4010217
358.21 0.3245619
358.23 0.2814583
358.31 0.2433107
358.63 0.2495332
358.75 0.293851
358.79 0.3341549
358.81 0.3764204
358.83 0.4544454
358.84 0.5251912
358.85 0.6601975
358.86 0.6022993
358.87 0.4977686
358.89 0.3971484
358.91 0.3462042
358.95 0.2965459
359.03 0.261365
359.35 0.2428938
359.51 0.2521635
359.59 0.2781212
359.63 0.3318626
359.64 0.3683471
359.65 0.4612911
359.66 0.365128
359.68 0.3092575
359.72 0.2719816
359.88 0.2469316
361.48 0.2638134
361.64 0.2868518
361.67 0.327172
361.69 0.2931814
361.85 0.2704402
363.13 0.296092
363.41 0.325569
363.45 0.3602871
363.46 0.3839869
363.47 0.4340688
363.48 0.3802935
363.52 0.3339554
363.68 0.3163775
364.16 0.3372589
364.32 0.3769296
364.36 0.4071851
364.4 0.4800393
364.42 0.5339497
364.43 0.582118
364.44 0.6622072
364.45 0.8710205
364.46 0.6593451
364.47 0.5783368
364.49 0.4933251
364.53 0.4200424
364.61 0.3738051
364.93 0.3563655
365.57 0.384087
366.21 0.4338968
366.53 0.4757765
366.69 0.5238177
366.73 0.5594242
366.76 0.6276049
366.78 0.7222648
366.79 0.6493598
366.81 0.593745
366.85 0.5584566
367.01 0.5601604
367.33 0.6487341
367.49 0.7162121
367.65 0.8082934
367.81 0.9357334
367.97 1.120107
368.05 1.245071
368.13 1.402585
368.21 1.607232
368.25 1.73482
368.29 1.886425
368.33 2.073485
368.37 2.298316
368.39 2.438851
368.41 2.606566
368.43 2.814734
368.44 2.941512
368.45 3.090691
368.46 3.272153
368.47 3.503871
368.48 3.825562
368.49 4.380285
368.5 5.445739
368.51 4.137508
368.52 3.700268
368.53 3.418397
368.54 3.208142
368.55 3.040442
368.57 2.781377
368.59 2.583477
368.61 2.422863
368.65 2.170465
368.69 1.975607
368.73 1.817998
368.77 1.686883
368.85 1.481057
368.93 1.336412
368.95 1.322333
368.99 1.235635
369.07 1.126313
369.23 0.975251
369.39 0.8754736
369.55 0.8077828
369.87 0.7301494
370.19 0.6967425
370.51 0.6885801
370.83 0.702808
370.95 0.7332855
370.99 0.7719401
371.01 0.8225208
371.02 0.8838954
371.04 0.8091395
371.06 0.7695154
371.1 0.7394679
371.26 0.7244505
371.9 0.7800833
372.54 0.8704213
373.18 0.9930598
373.82 1.156074
374.46 1.376491
374.78 1.517643
375.02 1.652967
375.1 1.724861
375.14 1.792225
375.16 1.856898
375.17 1.914394
375.18 2.015177
375.19 1.91497
375.21 1.850013
375.25 1.817117
375.33 1.832682
375.49 1.922156
375.81 2.157224
376.13 2.454186
376.21 2.561524
376.24 2.653124
376.25 2.626613
376.29 2.633606
376.45 2.802323
376.61 3.008714
376.93 3.490291
377.09 3.76906
377.25 4.084834
377.41 4.441258
377.57 4.84394
377.73 5.299351
377.89 5.816262
377.97 6.100556
378.05 6.405356
378.13 6.73501
378.21 7.106997
378.25 7.340764
378.27 7.510461
378.28 7.66655
378.29 7.621264
378.3 7.611574
378.32 7.651389
378.36 7.801771
378.44 8.183273
378.52 8.612065
378.6 9.07025
378.64 9.316027
378.7 9.723108
378.75 10.0
381.58 10.0
381.59 9.967887
381.67 9.462958
381.75 8.986223
381.83 8.536811
381.91 8.113705
381.99 7.715871
382.07 7.343449
382.15 6.990548
382.31 6.348337
382.47 5.782126
382.63 5.282054
382.79 4.839955
382.95 4.447357
383.11 4.098885
383.27 3.78921
383.43 3.51155
383.59 3.263212
383.75 3.040488
384.07 2.659198
384.39 2.347386
384.71 2.090366
385.03 1.875261
385.35 1.695027
385.67 1.541774
386.31 1.297048
386.95 1.120342
387.07 1.117692
387.1 1.151821
387.12 1.114438
387.2 1.085722
387.26 1.1072
387.29 1.165253
387.31 1.102375
387.35 1.056746
387.51 0.9950214
388.15 0.8748939
388.79 0.7887637
390.07 0.6771129
391.99 0.5359482
392.47 0.5241585
392.55 0.5415757
392.61 0.5963546
392.63 0.6489561
392.64 0.6975477
392.65 0.791423
392.66 0.7658462
392.67 0.6845257
392.69 0.6096687
392.73 0.5502602
392.81 0.5120567
393.13 0.4774459
394.89 0.4156578
395.05 0.4335795
395.07 0.4393407
395.15 0.4123066
395.79 0.3926154
396.43 0.3968744
396.47 0.4096456
396.51 0.4504907
396.52 0.4787026
396.53 0.5423955
396.54 0.4741021
396.56 0.4317543
396.64 0.3915539
396.96 0.3842117
397.0 0.3986258
397.03 0.4422185
397.05 0.4018592
397.13 0.375952
399.69 0.3433327
399.85 0.347915
400.01 0.3791964
400.05 0.4186723
400.08 0.4951652
400.09 0.4504362
400.11 0.409352
400.15 0.3757206
400.31 0.3472116
400.95 0.3522312
401.11 0.3823191
401.15 0.4067292
401.19 0.4720441
401.2 0.5076175
401.22 0.6284706
401.23 0.5365731
401.25 0.4620621
401.29 0.4069968
401.37 0.3773836
401.53 0.3744969
401.69 0.3999514
401.73 0.4263833
401.74 0.482406
401.75 0.4267275
401.83 0.399383
401.93 0.4064799
402.01 0.3794287
402.17 0.3785763
402.29 0.4208951
402.33 0.4719058
402.35 0.5221237
402.37 0.6133961
402.38 0.6938203
402.39 0.8376584
402.4 0.8509772
402.41 0.6992434
402.42 0.6155286
402.44 0.520623
402.48 0.4350241
402.56 0.3766088
402.72 0.3448586
403.68 0.3228949
403.8 0.3389917
403.84 0.3731367
403.88 0.336232
404.2 0.3152926
406.76 0.3079782
408.04 0.3223955
408.12 0.3331913
408.2 0.3635447
408.24 0.4066743
408.27 0.4890109
408.28 0.5462592
408.29 0.6552112
408.3 0.6268978
408.31 0.5343316
408.33 0.4468948
408.37 0.3787101
408.45 0.337859
408.77 0.3148298
411.33 0.3193614
412.93 0.3480845
412.99 0.3721722
413.01 0.4092409
413.05 0.3606025
413.21 0.3393279
413.85 0.3488447
414.09 0.3842198
414.17 0.4427233
414.19 0.4766355
414.21 0.5317652
414.23 0.6327827
414.24 0.7233299
414.25 0.8909903
414.26 0.8690606
414.27 0.7132195
414.28 0.6268642
414.3 0.52946
414.32 0.4760781
414.36 0.4215882
414.44 0.3808087
414.76 0.3547625
417.32 0.3958542
418.6 0.4430009
419.88 0.5284677
420.52 0.6005721
420.76 0.6504904
420.8 0.6808724
420.84 0.6603156
421.16 0.7078031
421.48 0.7843448
421.8 0.8858432
422.12 1.021642
422.44 1.21115
422.6 1.334902
422.76 1.484343
422.92 1.668266
423.08 1.897643
423.24 2.18787
423.32 2.363104
423.4 2.563996
423.48 2.798112
423.56 3.082105
423.6 3.259773
423.62 3.368281
423.64 3.504853
423.65 3.594273
423.66 3.716471
423.67 3.936116
423.68 3.789935
423.69 3.756779
423.71 3.766207
423.73 3.816861
423.77 3.971381
423.81 4.164256
423.85 4.383895
423.89 4.627676
423.93 4.895885
423.97 5.190117
424.01 5.512779
424.05 5.866939
424.09 6.256316
424.13 6.685337
424.17 7.159295
424.21 7.684493
424.25 8.268528
424.29 8.92064
424.31 9.275684
424.34 9.849138
424.35 10.0
425.18 10.0
425.19 9.820396
425.21 9.42641
425.23 9.059233
425.25 8.71467
425.29 8.083719
425.33 7.519357
425.37 7.01175
425.41 6.553425
425.45 6.138162
425.49 5.760645
425.53 5.416681
425.57 5.102501
425.61 4.814884
425.65 4.551045
425.73 4.085315
425.81 3.689345
425.89 3.351003
425.97 3.062035
426.01 2.935821
426.05 2.829783
426.07 2.811273
426.09 2.714677
426.17 2.488537
426.25 2.304751
426.41 2.004078
426.57 1.769091
426.73 1.583293
426.89 1.437185
426.97 1.382274
426.99 1.383656
427.07 1.299427
427.23 1.189611
427.55 1.026969
427.87 0.9147474
427.95 0.9041642
428.11 0.8476819
428.59 0.7630462
428.71 0.7748701
428.75 0.8084063
428.77 0.8517102
428.78 0.893649
428.79 0.9817844
428.81 0.8627942
428.83 0.8053526
428.87 0.7561949
428.95 0.7197641
429.27 0.6751437
429.35 0.6747748
429.41 0.6975086
429.42 0.721373
429.44 0.6862262
429.52 0.6568612
429.84 0.6296089
430.16 0.6281795
430.24 0.6475697
430.28 0.6785729
430.3 0.7119841
430.32 0.7819178
430.33 0.8630481
430.34 0.8372727
430.35 0.7689042
430.37 0.7044594
430.41 0.6521968
430.49 0.6185992
430.81 0.5929265
432.09 0.581017
433.37 0.6079508
434.65 0.6739085
435.29 0.7305178
435.93 0.8164774
436.57 0.954219
436.89 1.054263
437.21 1.184592
437.37 1.28591
437.41 1.33126
437.45 1.415987
437.47 1.501455
437.48 1.575195
437.49 1.711145
437.5 1.665366
437.51 1.56455
437.53 1.472734
437.55 1.430733
437.59 1.399115
437.67 1.401423
437.83 1.467111
437.99 1.560432
438.15 1.674161
438.31 1.809728
438.43 1.937541
438.47 2.008568
438.48 2.051175
438.5 2.025016
438.58 2.071756
438.9 2.36656
439.06 2.476834
439.14 2.539183
439.15 2.614852
439.16 2.549039
439.2 2.520491
439.36 2.474516
439.6 2.333389
439.92 2.078904
440.24 1.868348
440.56 1.728729
440.88 1.658242
441.12 1.660435
441.2 1.689772
441.24 1.724133
441.28 1.796866
441.3 1.869306
441.31 1.925356
441.32 2.006227
441.33 2.137006
441.34 2.467553
441.35 2.151423
441.36 2.016321
441.37 1.934339
441.39 1.837617
441.41 1.783605
441.45 1.729059
441.53 1.694009
441.69 1.698402
441.85 1.735333
442.01 1.805496
442.05 1.841431
442.09 1.911652
442.11 1.996273
442.12 2.042796
442.13 1.977078
442.15 1.923503
442.19 1.890234
442.27 1.893568
442.43 1.9539
443.01 2.277779
443.41 2.464413
443.73 2.63442
444.05 2.865593
444.21 3.011693
444.37 3.181097
444.53 3.37684
444.69 3.601173
444.85 3.858445
445.01 4.156133
445.17 4.490347
445.33 4.887957
445.41 5.139383
445.43 5.222996
445.45 5.339857
445.46 5.422431
445.47 5.384975
445.49 5.389305
445.53 5.465041
445.61 5.687746
445.69 5.946203
445.77 6.228665
445.85 6.533766
445.93 6.862848
446.01 7.219435
446.09 7.613425
446.13 7.8577
446.14 7.948385
446.18 8.080688
446.22 8.27336
446.3 8.711554
446.38 9.190019
446.46 9.704378
446.5 9.975378
446.51 10.0
449.42 10.0
449.43 9.964048
449.51 9.433429
449.59 8.935506
449.67 8.470419
449.75 8.035974
449.83 7.630308
449.91 7.252055
449.99 6.899594
450.07 6.567182
450.15 6.257012
450.31 5.69734
450.47 5.207415
450.63 4.777091
450.79 4.398373
450.95 4.064133
451.11 3.768258
451.27 3.505595
451.43 3.274341
451.59 3.063218
451.75 2.877421
451.91 2.712875
452.11 2.545089
452.19 2.465677
452.24 2.442228
452.28 2.387235
452.6 2.137882
452.92 1.939871
453.24 1.773798
453.72 1.576015
453.79 1.574923
453.83 1.53916
454.15 1.428316
454.47 1.340472
454.63 1.315098
454.67 1.33738
454.71 1.295147
455.03 1.208527
455.67 1.091776
456.31 1.002098
457.11 0.9285706
457.27 0.9426692
457.31 0.960591
457.35 1.000609
457.37 1.040526
457.39 1.112183
457.4 1.174945
457.41 1.285616
457.42 1.306031
457.43 1.182715
457.44 1.114288
457.46 1.035882
457.5 0.9632125
457.58 0.9100701
457.9 0.8560429
459.18 0.7750457
460.46 0.7284471
461.74 0.7020459
462.22 0.7173617
462.3 0.7530409
462.34 0.8205477
462.35 0.859548
462.36 0.9306865
462.37 0.9403284
462.38 0.863984
462.4 0.7967807
462.44 0.7450507
462.52 0.7146423
462.84 0.7039167
463.0 0.7203305
463.08 0.7508961
463.12 0.7893258
463.14 0.8247985
463.16 0.8856844
463.17 0.9357059
463.18 1.015676
463.19 1.193327
463.2 1.010929
463.21 0.9381474
463.23 0.8672868
463.25 0.8401504
463.27 0.7917811
463.31 0.7510994
463.39 0.7220352
463.71 0.7125589
463.78 0.7363014
463.86 0.7112667
464.06 0.7220597
464.1 0.7605456
464.11 0.7862385
464.13 0.7397144
464.21 0.7056021
464.85 0.6930332
466.13 0.7069008
466.45 0.7330476
466.53 0.7606895
466.57 0.7936072
466.61 0.8717271
466.62 0.9112374
466.63 0.9726902
466.64 1.099535
466.65 0.9950302
466.66 0.9250224
466.68 0.8520499
466.72 0.7896553
466.8 0.7511304
467.12 0.7372778
467.44 0.7532581
467.76 0.8009128
467.84 0.8437585
467.88 0.8905388
467.9 0.9308975
467.92 0.9953055
467.94 1.110711
467.95 1.21089
467.96 1.385212
467.97 1.516746
467.98 1.273691
467.99 1.152166
468.0 1.075458
468.02 0.9832514
468.04 0.9313265
468.08 0.8787089
468.16 0.8454358
468.24 0.8462713
468.32 0.8772409
468.36 0.9264666
468.38 0.981899
468.39 1.033498
468.4 1.133009
468.41 1.026096
468.43 0.9495561
468.47 0.8926767
468.55 0.8633682
468.71 0.8652406
468.87 0.8876629
469.03 0.9414388
469.07 0.981555
469.09 1.02469
469.1 1.067663
469.11 1.06122
469.13 1.007964
469.17 0.978616
469.25 0.986007
469.29 1.01094
469.33 1.065035
469.35 1.038723
469.39 1.036651
469.43 1.064688
469.45 1.095493
469.47 1.156182
469.48 1.223985
469.5 1.14091
469.52 1.098285
469.56 1.067148
469.64 1.062832
469.8 1.114799
469.88 1.17883
469.92 1.256373
469.94 1.342879
469.95 1.432688
469.96 1.410436
469.97 1.340287
469.99 1.274529
470.03 1.227223
470.11 1.2175
470.43 1.32676
470.83 1.49757
470.88 1.541064
470.89 1.577106
470.9 1.557707
470.94 1.605433
470.96 1.660906
470.97 1.705547
470.98 1.775758
470.99 1.929224
471.0 1.793487
471.01 1.716442
471.03 1.635643
471.07 1.566214
471.15 1.51557
471.47 1.445788
471.79 1.404526
472.11 1.404998
472.27 1.44456
472.29 1.466689
472.3 1.497001
472.32 1.461474
472.4 1.452206
472.56 1.492605
472.72 1.567541
472.8 1.638262
472.84 1.706849
472.86 1.766117
472.88 1.869574
472.89 1.964847
472.9 2.113182
472.91 1.949915
472.92 1.87589
472.94 1.800819
472.98 1.748757
473.02 1.742616
473.08 1.774453
473.16 1.793908
473.32 1.904053
473.48 2.045483
473.64 2.21252
473.96 2.611386
474.16 2.900764
474.32 3.090542
474.48 3.250622
474.66 3.38277
474.68 3.427308
474.69 3.56553
474.7 3.418755
474.72 3.376605
474.88 3.24648
475.04 3.075844
475.36 2.643586
475.68 2.231908
475.84 2.071534
475.92 2.027745
475.96 2.040291
475.98 2.072157
476.0 2.148402
476.01 2.228383
476.02 2.430175
476.03 2.224756
476.04 2.1202
476.06 2.003001
476.08 1.932826
476.12 1.845637
476.2 1.741686
476.36 1.605345
476.68 1.414609
477.0 1.282671
477.16 1.24164
477.2 1.249981
477.24 1.215807
477.56 1.115395
477.88 1.045414
478.52 0.9566599
479.16 0.9086145
479.36 0.9126268
479.4 0.9387085
479.44 0.9094088
479.6 0.9009505
479.62 0.908239
479.78 0.8881418
479.94 0.8943931
480.02 0.9216283
480.06 0.9071552
480.14 0.9370667
480.16 0.9690928
480.17 1.00015
480.18 1.066163
480.2 0.9807061
480.22 0.9407742
480.26 0.9095961
480.42 0.8908897
480.58 0.920182
480.62 0.9464735
480.66 1.003004
480.68 1.060211
480.69 1.105121
480.7 1.171459
480.71 1.284538
480.72 1.374613
480.73 1.214398
480.74 1.132299
480.76 1.042436
480.8 0.9642349
480.88 0.9157518
481.04 0.9113087
481.12 0.9469201
481.16 1.003759
481.18 1.06856
481.19 1.129464
481.2 1.228059
481.21 1.116482
481.23 1.028292
481.27 0.9598868
481.35 0.9256152
481.43 0.9311586
481.51 0.9768706
481.55 1.042019
481.57 1.105091
481.59 1.217111
481.6 1.31165
481.61 1.466709
481.62 1.873398
481.63 1.472708
481.64 1.314569
481.65 1.218519
481.67 1.10476
481.69 1.040502
481.73 0.9732948
481.81 0.9220232
481.97 0.8940804
482.61 0.8969161
483.25 0.9304713
483.89 0.9903404
484.53 1.095911
484.85 1.17692
485.17 1.292486
485.49 1.462412
485.65 1.579129
485.81 1.726619
485.97 1.916727
486.05 2.033216
486.21 2.32057
486.29 2.5002
486.37 2.711138
486.45 2.961421
486.53 3.258841
486.61 3.617806
486.65 3.825378
486.69 4.05522
486.73 4.310686
486.77 4.595672
486.81 4.915252
486.85 5.27559
486.89 5.684576
486.93 6.152529
486.95 6.412782
486.97 6.693378
486.99 6.996967
487.01 7.326726
487.03 7.686673
487.05 8.081846
487.07 8.518791
487.09 9.006284
487.11 9.556542
487.12 9.860473
487.13 10.0
487.38 10.0
487.39 9.723154
487.4 9.418587
487.41 9.138082
487.43 8.63423
487.45 8.190376
487.47 7.79365
487.49 7.435438
487.51 7.109482
487.53 6.810717
487.55 6.536008
487.59 6.047235
487.63 5.62531
487.67 5.258249
487.71 4.934125
487.75 4.648356
487.79 4.394679
487.83 4.168506
487.87 3.966002
487.95 3.620524
488.03 3.338469
488.11 3.106035
488.19 2.912515
488.27 2.749603
488.35 2.611073
488.47 2.443759
488.49 2.444411
488.51 2.392559
488.67 2.198706
488.83 2.043464
489.15 1.795643
489.31 1.695014
489.47 1.620779
489.51 1.621515
489.54 1.652337
489.56 1.601301
489.64 1.531648
489.96 1.398654
490.28 1.307477
490.92 1.18298
491.56 1.10103
491.88 1.082752
491.94 1.112674
491.95 1.143235
491.97 1.098753
492.05 1.066899
492.69 1.027333
493.97 1.003394
495.25 1.008925
495.89 1.026692
496.05 1.045745
496.13 1.071736
496.17 1.103014
496.21 1.1756
496.23 1.25813
496.24 1.332774
496.25 1.473989
496.26 1.435883
496.27 1.315391
496.28 1.248011
496.3 1.171708
496.34 1.104044
496.42 1.060568
496.74 1.041555
496.9 1.050853
497.02 1.086398
497.06 1.131835
497.08 1.186763
497.1 1.308033
497.11 1.215097
497.13 1.143059
497.17 1.091133
497.25 1.062466
497.57 1.053139
497.89 1.069845
497.95 1.095105
497.97 1.132303
498.01 1.086613
498.17 1.069317
498.49 1.08459
498.65 1.12035
498.69 1.15618
498.71 1.192559
498.73 1.265368
498.75 1.410652
498.76 1.29664
498.77 1.24138
498.79 1.183008
498.83 1.134271
498.91 1.105017
499.55 1.102504
500.35 1.14355
500.41 1.178791
500.43 1.233791
500.47 1.167733
500.55 1.145662
501.19 1.16261
502.15 1.225205
502.29 1.260325
502.45 1.242732
503.73 1.32155
505.01 1.344364
505.25 1.370902
505.33 1.365956
505.37 1.3953
505.41 1.364836
506.05 1.376845
507.33 1.466133
507.57 1.513626
507.65 1.565957
507.69 1.636285
507.71 1.712019
507.72 1.777661
507.73 1.893646
507.74 1.939769
507.75 1.808032
507.76 1.742454
507.78 1.67965
507.8 1.666094
507.81 1.683243
507.82 1.67697
507.84 1.614591
507.88 1.573844
507.96 1.558354
508.0 1.565947
508.03 1.59754
508.07 1.578849
508.11 1.594714
508.15 1.637419
508.17 1.684787
508.18 1.72655
508.19 1.803989
508.21 1.70827
508.23 1.652031
508.27 1.606014
508.35 1.580738
508.67 1.593643
509.15 1.646258
509.23 1.670532
509.26 1.706394
509.27 1.745029
509.31 1.680288
509.39 1.658301
510.67 1.663184
511.31 1.681864
512.59 1.747593
514.51 1.886827
514.91 1.936871
514.97 1.970721
514.99 2.014955
515.03 1.962873
515.19 1.947975
516.47 2.060935
517.11 2.137201
517.27 2.175448
517.35 2.22839
517.39 2.300522
517.41 2.379822
517.42 2.452585
517.43 2.627423
517.44 2.462002
517.45 2.388236
517.47 2.31081
517.51 2.245755
517.59 2.208288
517.91 2.213677
519.19 2.357082
519.83 2.457614
519.99 2.525445
520.03 2.567286
520.07 2.648777
520.09 2.727133
520.1 2.786637
520.11 2.870538
520.12 2.999604
520.13 3.240785
520.14 3.227248
520.15 2.996705
520.16 2.872953
520.17 2.793012
520.19 2.6958
520.21 2.640675
520.25 2.584417
520.33 2.548073
520.49 2.539425
521.13 2.611502
521.77 2.713952
521.93 2.770382
521.97 2.806128
522.01 2.885834
522.03 2.984021
522.04 3.089701
522.05 3.129503
522.06 3.006113
522.07 2.943408
522.09 2.87684
522.13 2.823017
522.21 2.797115
522.53 2.826195
522.85 2.882949
523.09 2.951942
523.17 3.003933
523.21 3.053949
523.23 3.094062
523.25 3.154286
523.27 3.253543
523.28 3.331086
523.29 3.444911
523.3 3.636164
523.31 3.948807
523.32 3.583386
523.33 3.421435
523.34 3.322363
523.36 3.206045
523.38 3.142259
523.42 3.08074
523.46 3.058866
523.5 3.062931
523.52 3.082552
523.53 3.112447
523.55 3.06903
523.59 3.04227
523.75 3.039524
524.39 3.14339
525.67 3.399076
526.95 3.701923
527.35 3.823262
527.39 3.857285
527.47 3.848563
528.11 3.996996
529.39 4.369898
529.55 4.427967
529.63 4.474127
529.67 4.537281
529.68 4.584952
529.71 4.527128
529.75 4.507972
529.91 4.53952
530.55 4.760169
531.03 4.945365
531.07 4.983413
531.15 4.985379
531.79 5.233515
532.43 5.509349
533.07 5.80868
533.71 6.134951
534.03 6.314258
534.19 6.43307
534.23 6.491169
534.25 6.544421
534.26 6.589403
534.27 6.674497
534.29 6.589291
534.31 6.547044
534.35 6.528625
534.51 6.587753
535.15 6.972133
535.47 7.182884
535.79 7.415037
535.87 7.49979
535.89 7.535397
535.91 7.59658
535.92 7.664862
535.94 7.602469
535.98 7.575062
536.06 7.607662
536.38 7.834954
537.02 8.347699
537.66 8.914994
537.74 8.992558
538.06 9.293335
538.74 10.0
576.66 9.996195
576.82 9.827276
577.14 9.536014
577.54 9.216769
577.58 9.213495
577.6 9.172475
577.76 9.022243
578.4 8.515031
579.04 8.061146
579.68 7.646593
580.32 7.267004
580.96 6.918271
581.6 6.602651
581.92 6.476132
582.04 6.472189
582.08 6.509961
582.1 6.552269
582.12 6.636695
582.13 6.715229
582.14 6.863008
582.15 6.82273
582.16 6.685203
582.17 6.604916
582.19 6.509594
582.23 6.414484
582.27 6.370867
582.31 6.371246
582.33 6.327826
582.41 6.254976
582.73 6.093029
583.21 5.891841
583.37 5.849676
583.43 5.871838
583.45 5.907646
583.46 5.944257
583.47 6.018889
583.48 6.014912
583.49 5.932388
583.51 5.858155
583.55 5.793612
583.63 5.734647
584.27 5.478473
585.55 5.048354
586.83 4.674405
588.11 4.344482
589.07 4.132213
589.11 4.13764
589.19 4.101029
589.83 3.96362
590.23 3.896495
590.31 3.917048
590.34 3.985819
590.35 3.937484
590.39 3.881026
590.55 3.82688
590.87 3.771395
590.95 3.771241
590.99 3.79251
591.0 3.810859
591.04 3.766055
591.12 3.737866
591.2 3.745255
591.22 3.762071
591.24 3.808157
591.25 3.863434
591.26 3.795284
591.28 3.746906
591.32 3.708612
591.48 3.657112
592.12 3.544429
592.44 3.505996
592.52 3.511811
592.56 3.530491
592.6 3.592508
592.61 3.628775
592.62 3.690718
592.63 3.849952
592.64 3.701355
592.65 3.629831
592.67 3.55918
592.71 3.499477
592.79 3.455068
593.11 3.387693
594.39 3.207699
594.87 3.169684
594.95 3.185335
594.99 3.208793
595.03 3.264378
595.06 3.369049
595.07 3.439575
595.08 3.594297
595.09 3.455047
595.1 3.372815
595.12 3.282835
595.16 3.199971
595.24 3.137346
595.4 3.091164
596.04 3.004633
597.32 2.882099
598.6 2.817172
599.88 2.822605
599.96 2.861993
599.98 2.913978
599.99 2.870952
600.03 2.82035
600.19 2.772985
601.47 2.555793
602.11 2.477532
602.59 2.446014
602.67 2.467598
602.71 2.439573
603.35 2.352843
604.63 2.250159
605.91 2.172491
607.75 2.096826
607.83 2.122056
607.85 2.158957
607.87 2.117642
607.95 2.089307
609.23 2.050316
609.55 2.066157
609.63 2.094953
609.67 2.135526
609.69 2.17716
609.71 2.258613
609.72 2.339602
609.73 2.547194
609.74 2.353317
609.75 2.266487
609.77 2.181867
609.81 2.114482
609.89 2.075992
610.05 2.073384
610.17 2.114222
610.21 2.157666
610.23 2.198992
610.25 2.278365
610.26 2.370825
610.28 2.304599
610.3 2.307933
610.32 2.369868
610.33 2.428244
610.34 2.516383
610.35 2.657847
610.36 2.929677
610.37 2.941887
610.38 2.654756
610.39 2.503291
610.4 2.405679
610.42 2.286318
610.44 2.217394
610.48 2.143776
610.56 2.085231
610.72 2.052519
611.04 2.057873
611.16 2.10239
611.2 2.148213
611.22 2.190113
611.24 2.260423
611.25 2.315933
611.26 2.398547
611.27 2.541639
611.28 2.620039
611.29 2.435754
611.3 2.338983
611.32 2.231832
611.34 2.173255
611.38 2.113135
611.46 2.067769
611.78 2.037663
613.06 2.072068
613.7 2.115431
614.34 2.183496
614.66 2.247033
614.7 2.269604
614.73 2.315027
614.75 2.319764
614.77 2.365828
614.78 2.42461
614.79 2.411433
614.8 2.36126
614.82 2.318815
614.86 2.290802
615.02 2.292756
615.34 2.353094
615.98 2.530418
616.22 2.634257
616.26 2.673087
616.28 2.724555
616.3 2.692998
616.38 2.692405
616.7 2.83645
617.02 3.028859
617.18 3.146885
617.28 3.251294
617.3 3.304073
617.34 3.294609
617.5 3.415894
617.66 3.575677
617.82 3.757763
617.98 3.965648
618.14 4.202652
618.3 4.473052
618.46 4.782317
618.62 5.136724
618.78 5.54325
618.94 6.010115
619.1 6.543529
619.26 7.152778
619.34 7.488158
619.42 7.84412
619.5 8.221729
619.66 9.039054
619.83 9.989541
619.99 10.0
621.56 10.0
621.58 9.900701
621.74 9.00409
621.82 8.582389
621.9 8.181441
621.98 7.801582
622.06 7.442982
622.22 6.788102
622.38 6.210412
622.54 5.704428
622.7 5.261566
622.86 4.874322
623.02 4.535569
623.18 4.239369
623.34 3.982002
623.5 3.768125
623.58 3.695044
623.62 3.687418
623.64 3.704692
623.66 3.756795
623.67 3.81191
623.69 4.029961
623.7 3.830571
623.71 3.730215
623.73 3.614116
623.77 3.490976
623.85 3.355688
624.01 3.173948
624.33 2.895479
624.65 2.67517
624.97 2.496704
625.13 2.421558
625.29 2.365729
625.33 2.366526
625.36 2.394287
625.37 2.433886
625.39 2.366068
625.43 2.315971
625.59 2.234042
626.23 2.03173
626.87 1.88956
627.51 1.798131
627.67 1.793995
627.73 1.808329
627.75 1.842095
627.79 1.792362
627.95 1.739425
628.59 1.635497
629.87 1.509359
631.15 1.424867
631.79 1.397433
632.03 1.410465
632.11 1.459185
632.13 1.493615
632.15 1.558233
632.16 1.616588
632.17 1.722873
632.18 1.79791
632.19 1.64803
632.2 1.575517
632.22 1.498961
632.26 1.434174
632.34 1.39156
632.66 1.354829
632.98 1.340274
633.3 1.345538
633.34 1.374823
633.35 1.401736
633.39 1.34909
633.55 1.321365
634.19 1.313236
634.27 1.32565
634.35 1.362713
634.39 1.407841
634.41 1.452728
634.43 1.532564
634.44 1.599641
634.45 1.707743
634.46 1.944384
634.47 1.760488
634.48 1.629906
634.49 1.554803
634.51 1.473923
634.52 1.461779
634.54 1.401361
634.58 1.350667
634.66 1.311157
634.98 1.27399
638.18 1.193407
638.66 1.208891
638.78 1.251037
638.82 1.293643
638.84 1.331911
638.86 1.394633
638.87 1.442674
638.88 1.5109
638.89 1.617396
638.9 1.825077
638.91 1.723424
638.92 1.569488
638.93 1.480737
638.95 1.378245
638.97 1.320849
639.01 1.261004
639.09 1.213992
639.41 1.177098
639.97 1.175515
640.05 1.210047
640.08 1.271278
640.09 1.338451
640.11 1.253064
640.15 1.196255
640.23 1.172494
640.29 1.17743
640.31 1.20141
640.33 1.174508
640.65 1.149107
641.29 1.140742
641.49 1.153418
641.53 1.180909
641.61 1.14622
641.93 1.140183
642.17 1.168997
642.25 1.219675
642.29 1.289644
642.31 1.361042
642.32 1.4171
642.33 1.499295
642.34 1.635847
642.35 1.963187
642.36 1.625064
642.37 1.492898
642.38 1.412405
642.4 1.316828
642.42 1.262606
642.46 1.205482
642.54 1.160826
642.86 1.12515
644.14 1.108292
644.46 1.118334
644.62 1.142556
644.7 1.186442
644.74 1.241918
644.76 1.293567
644.78 1.38404
644.79 1.461426
644.8 1.595692
644.81 1.592711
644.82 1.460001
644.83 1.383299
644.85 1.293491
644.89 1.207635
644.97 1.147671
645.13 1.117352
645.45 1.109933
645.61 1.131106
645.65 1.168317
645.66 1.193958
645.67 1.263721
645.68 1.195037
645.7 1.153047
645.78 1.115254
647.06 1.083366
647.38 1.086132
647.62 1.109686
647.7 1.141554
647.74 1.176983
647.78 1.254332
647.8 1.332722
647.81 1.393931
647.82 1.483086
647.83 1.62959
647.84 1.99537
647.85 1.62657
647.86 1.481009
647.87 1.392105
647.89 1.286167
647.91 1.225817
647.95 1.16202
648.03 1.112595
648.19 1.082143
649.47 1.05707
650.43 1.059816
650.67 1.085247
650.71 1.116555
650.73 1.170993
650.75 1.125881
650.79 1.089725
650.95 1.071951
651.11 1.079358
651.27 1.112015
651.35 1.162799
651.39 1.220876
651.41 1.270408
651.43 1.348674
651.44 1.406685
651.45 1.486511
651.46 1.605009
651.47 1.811905
651.48 1.87403
651.49 1.658485
651.5 1.55092
651.51 1.489953
651.52 1.457886
651.53 1.449536
651.54 1.46492
651.55 1.520804
651.56 1.554545
651.57 1.42806
651.58 1.356265
651.6 1.27033
651.64 1.185683
651.72 1.121595
652.0 1.075245
652.64 1.080218
652.8 1.098784
652.84 1.11548
652.92 1.090962
653.24 1.085443
653.56 1.123104
653.64 1.169495
653.68 1.224672
653.7 1.273451
653.72 1.352607
653.73 1.412839
653.74 1.498106
653.75 1.631115
653.76 1.893913
653.78 1.555752
653.79 1.451984
653.81 1.33063
653.83 1.262293
653.87 1.191138
653.95 1.138063
654.11 1.115393
654.27 1.120651
654.43 1.146095
654.51 1.174489
654.59 1.233829
654.63 1.296467
654.65 1.348602
654.67 1.429812
654.68 1.489925
654.69 1.573282
654.7 1.700189
654.71 1.939956
654.72 1.857328
654.73 1.687537
654.74 1.598112
654.75 1.545103
654.77 1.498152
654.79 1.503104
654.81 1.556831
654.82 1.608565
654.83 1.687094
654.84 1.813948
654.85 2.065371
654.86 1.942412
654.87 1.762813
654.88 1.663117
654.89 1.600413
654.91 1.534651
654.93 1.518217
654.95 1.541056
654.97 1.61232
654.98 1.677293
654.99 1.779706
655.0 1.968945
655.01 1.99301
655.02 1.81393
655.03 1.72805
655.04 1.682417
655.06 1.660032
655.08 1.709549
655.09 1.765818
655.1 1.854362
655.11 2.001398
655.12 2.359877
655.13 2.042713
655.14 1.920681
655.15 1.863903
655.16 1.84695
655.17 1.863615
655.18 1.917467
655.19 2.026198
655.2 2.256797
655.21 2.166991
655.22 1.983333
655.23 1.890115
655.24 1.845433
655.25 1.837215
655.26 1.865399
655.27 1.941054
655.28 2.10236
655.29 2.589091
655.3 2.067379
655.31 1.853905
655.32 1.724116
655.33 1.634654
655.35 1.519607
655.37 1.450775
655.41 1.379314
655.45 1.354307
655.49 1.361679
655.53 1.410023
655.55 1.462196
655.57 1.553289
655.58 1.626093
655.59 1.734676
655.6 1.923428
655.61 2.00308
655.62 1.776097
655.63 1.655825
655.64 1.578519
655.66 1.485676
655.68 1.435942
655.72 1.399045
655.76 1.412284
655.8 1.477169
655.82 1.542224
655.84 1.650921
655.85 1.735762
655.86 1.862383
655.87 2.095329
655.89 1.870091
655.9 1.814912
655.91 1.7966
655.92 1.806689
655.93 1.844361
655.94 1.915884
655.95 2.041793
655.96 2.299892
655.97 2.161491
655.98 2.054018
655.99 2.040855
656.0 2.131278
656.01 2.119347
656.02 1.903648
656.03 1.783317
656.04 1.703371
656.06 1.605816
656.08 1.554616
656.1 1.531314
656.12 1.529499
656.14 1.548771
656.16 1.593208
656.18 1.674885
656.19 1.737863
656.2 1.824941
656.21 1.953018
656.22 2.172639
656.23 2.177584
656.24 2.125502
656.25 2.21872
656.27 1.911586
656.28 1.817814
656.29 1.756563
656.31 1.692389
656.33 1.684424
656.35 1.731573
656.36 1.782812
656.37 1.865796
656.38 2.016132
656.39 2.012754
656.4 1.949749
656.41 1.965126
656.42 2.100848
656.43 1.920444
656.44 1.859689
656.45 1.851132
656.46 1.914313
656.47 1.831339
656.48 1.773296
656.49 1.663919
656.51 1.53911
656.53 1.463959
656.57 1.377517
656.65 1.301432
656.81 1.253826
657.13 1.251342
657.29 1.264666
657.45 1.303291
657.49 1.345239
657.5 1.369218
657.51 1.414536
657.52 1.416887
657.53 1.372677
657.55 1.336507
657.63 1.305586
657.87 1.330912
657.95 1.376958
657.99 1.446122
658.01 1.526606
658.02 1.586252
658.03 1.696844
658.04 1.872804
658.05 1.657079
658.06 1.562402
658.08 1.465035
658.1 1.414491
658.14 1.36432
658.22 1.32628
658.7 1.270537
658.78 1.283099
658.81 1.324973
658.82 1.323561
658.84 1.284055
658.92 1.24525
659.56 1.160915
660.2 1.106597
661.16 1.068307
661.32 1.087089
661.36 1.105441
661.4 1.147528
661.42 1.192266
661.44 1.283254
661.45 1.379673
661.46 1.513937
661.47 1.33854
661.48 1.260396
661.5 1.180113
661.54 1.113582
661.62 1.071439
661.94 1.039163
662.58 1.023192
662.82 1.03265
663.14 1.015184
664.42 1.007608
664.5 1.015874
665.14 1.012201
665.3 1.015102
665.46 1.038147
665.54 1.06503
665.58 1.09929
665.62 1.17364
665.64 1.249776
665.65 1.310075
665.66 1.399759
665.68 1.710701
665.69 1.472476
665.7 1.357026
665.71 1.282305
665.73 1.19282
665.77 1.110903
665.83 1.074734
665.85 1.090728
665.89 1.047493
666.05 1.018153
666.29 1.024507
666.37 1.0165
666.53 1.049704
666.59 1.117202
666.61 1.18454
666.62 1.252811
666.63 1.423385
666.64 1.275162
666.65 1.199933
666.67 1.122647
666.71 1.066018
666.77 1.057726
666.81 1.028816
666.97 1.006998
669.29 1.001024
669.61 1.02864
669.69 1.051309
669.73 1.077315
669.77 1.127772
669.79 1.173217
669.81 1.248125
669.82 1.305769
669.83 1.387472
669.84 1.512585
669.85 1.739062
669.86 1.919226
669.87 1.590385
669.88 1.43387
669.89 1.337112
669.91 1.222481
669.93 1.158242
669.97 1.091622
670.05 1.041101
670.21 1.014382
670.85 1.001892
671.33 1.017685
671.49 1.049623
671.57 1.104837
671.61 1.175894
671.63 1.244027
671.64 1.295515
671.65 1.368681
671.66 1.485144
671.67 1.698935
671.68 1.46425
671.69 1.359673
671.71 1.246932
671.73 1.188007
671.77 1.144513
671.79 1.158508
671.8 1.192347
671.81 1.179149
671.83 1.112836
671.87 1.068386
672.03 1.02441
672.35 1.014475
672.51 1.024275
672.53 1.041012
672.57 1.022804
672.73 1.036441
672.77 1.070196
672.78 1.091702
672.79 1.135551
672.8 1.129194
672.82 1.067773
672.86 1.033629
673.02 1.011225
673.66 1.012005
673.82 1.039231
673.86 1.069036
673.88 1.101191
673.9 1.170534
673.91 1.255461
673.92 1.239324
673.93 1.163586
673.95 1.098499
673.99 1.050063
674.07 1.022178
674.71 1.006277
675.67 1.011774
675.99 1.034671
676.03 1.058286
676.05 1.089738
676.06 1.130435
676.08 1.075558
676.12 1.040646
676.28 1.01891
677.08 1.03412
677.12 1.050035
677.14 1.083688
677.18 1.042375
677.5 1.0311
677.82 1.046321
677.9 1.065486
677.91 1.081601
677.95 1.055444
678.59 1.031977
681.15 1.039634
683.39 1.065201
683.55 1.089459
683.59 1.116104
683.62 1.172823
683.63 1.219652
683.64 1.311162
683.65 1.207934
683.67 1.143024
683.71 1.100263
683.87 1.072453
684.03 1.071747
684.19 1.091823
684.23 1.129274
684.24 1.161008
684.28 1.101201
684.44 1.073528
689.56 1.134343
691.16 1.183928
691.32 1.207162
691.36 1.240114
691.4 1.212968
691.46 1.220908
691.62 1.212955
691.66 1.234571
691.74 1.211422
692.06 1.228276
692.22 1.264537
692.26 1.293244
692.3 1.352058
692.32 1.408777
692.34 1.510571
692.35 1.598323
692.36 1.747919
692.37 1.974547
692.38 1.695437
692.39 1.569772
692.4 1.492161
692.42 1.399658
692.46 1.314193
692.54 1.256304
692.7 1.228002
693.02 1.222831
693.26 1.249246
693.34 1.285443
693.38 1.326088
693.42 1.410442
693.44 1.494807
693.45 1.561365
693.46 1.66169
693.47 1.843511
693.48 1.78194
693.49 1.630875
693.5 1.541582
693.52 1.435974
693.54 1.375224
693.58 1.310209
693.66 1.258823
693.82 1.230043
694.46 1.229958
694.62 1.254982
694.66 1.274437
694.7 1.316475
694.72 1.359846
694.74 1.445458
694.75 1.531204
694.76 1.744035
694.77 1.555577
694.78 1.458734
694.8 1.36655
694.84 1.294887
694.92 1.253433
695.24 1.234701
695.96 1.255698
696.04 1.284113
696.06 1.306106
696.08 1.358389
696.09 1.449531
696.1 1.362402
696.12 1.30835
696.16 1.274758
696.32 1.254459
698.8 1.31093
698.92 1.331339
698.96 1.363657
698.97 1.38522
698.98 1.441815
698.99 1.389613
699.01 1.353761
699.09 1.324346
699.73 1.331871
700.37 1.359362
700.61 1.389292
700.73 1.447541
700.77 1.501524
700.79 1.551279
700.81 1.634943
700.82 1.700738
700.83 1.796525
700.84 1.951393
700.85 2.275844
700.86 2.110584
700.87 1.881289
700.88 1.755991
700.89 1.674692
700.91 1.575722
700.93 1.519301
700.97 1.460445
701.05 1.417141
701.21 1.403032
701.29 1.415494
701.33 1.437724
701.35 1.465143
701.36 1.494792
701.37 1.49179
701.39 1.452364
701.43 1.434028
701.47 1.445528
701.49 1.470299
701.51 1.538379
701.52 1.484258
701.54 1.445925
701.62 1.40935
702.26 1.414174
702.9 1.452922
702.98 1.47713
702.99 1.4906
703.01 1.468696
703.33 1.454757
705.89 1.538192
707.97 1.641125
708.09 1.666769
708.13 1.711256
708.14 1.751627
708.16 1.705642
708.2 1.671922
708.36 1.661253
709.0 1.693494
709.56 1.74552
709.62 1.789693
709.64 1.839276
709.66 1.785479
709.74 1.752379
710.38 1.784258
711.02 1.836694
711.42 1.89119
711.46 1.916656
711.48 1.949096
711.49 1.988055
711.5 1.991037
711.51 1.952893
711.55 1.911971
711.71 1.905968
712.35 1.980982
712.99 2.094639
713.31 2.176665
713.63 2.288461
713.95 2.453996
714.11 2.569868
714.27 2.721024
714.43 2.920072
714.51 3.044799
714.59 3.192755
714.67 3.368251
714.75 3.579881
714.83 3.837589
714.91 4.155834
714.95 4.343892
714.99 4.555796
715.03 4.796227
715.07 5.071172
715.11 5.388779
715.15 5.761535
715.17 5.971074
715.19 6.201766
715.21 6.456742
715.23 6.740817
715.25 7.060782
715.27 7.426565
715.29 7.853405
715.3 8.097009
715.31 8.366618
715.32 8.668779
715.33 9.012935
715.34 9.413372
715.35 9.893019
715.36 10.0
715.43 10.0
715.44 9.689235
715.45 9.24793
715.46 8.874841
715.47 8.551303
715.48 8.265376
715.49 8.009001
715.51 7.563603
715.53 7.185269
715.55 6.856488
715.57 6.566084
715.59 6.306467
715.61 6.072217
715.65 5.664665
715.69 5.320898
715.73 5.026472
715.77 4.771471
715.81 4.54856
715.85 4.352207
715.93 4.023786
716.01 3.761823
716.09 3.549963
716.17 3.376787
716.25 3.234019
716.41 3.016607
716.57 2.863966
716.73 2.758966
716.81 2.738944
716.83 2.75446
716.85 2.715629
716.93 2.662729
717.25 2.565565
717.57 2.520125
717.89 2.507941
718.05 2.52149
718.17 2.570153
718.21 2.619664
718.23 2.664771
718.25 2.740982
718.27 2.87643
718.28 2.999671
718.29 3.232448
718.3 3.328958
718.31 3.043987
718.32 2.906103
718.33 2.822428
718.34 2.768346
718.35 2.736313
718.36 2.724796
718.37 2.67412
718.39 2.623263
718.43 2.573985
718.51 2.536498
718.83 2.521329
719.47 2.574445
719.63 2.619114
719.67 2.64505
719.71 2.692197
719.73 2.733564
719.75 2.801295
719.76 2.853602
719.77 2.928877
719.78 3.04944
719.79 3.301869
719.81 2.980214
719.82 2.890064
719.84 2.788242
719.86 2.733212
719.9 2.678776
719.98 2.64271
720.3 2.644626
721.58 2.794349
722.86 2.993955
723.18 3.084852
723.26 3.146388
723.3 3.211125
723.32 3.26598
723.34 3.353107
723.35 3.419572
723.36 3.51557
723.37 3.674272
723.38 3.797247
723.39 3.579949
723.4 3.465637
723.41 3.391373
723.43 3.299358
723.47 3.212086
723.55 3.15717
723.71 3.148139
724.35 3.2471
725.63 3.509395
726.43 3.702737
726.59 3.76552
726.63 3.813254
726.64 3.844249
726.68 3.79888
726.76 3.793543
726.92 3.827609
727.08 3.887942
727.24 3.91323
727.88 4.103856
728.05 4.179769
728.06 4.214325
728.07 4.185058
728.23 4.211536
728.87 4.400738
729.51 4.621927
729.91 4.780985
729.99 4.846031
730.0 4.86824
730.01 4.920878
730.02 4.881145
730.06 4.852428
730.22 4.899611
730.86 5.186233
731.02 5.275878
731.14 5.365202
731.18 5.432291
731.19 5.453633
731.21 5.415369
731.29 5.411779
731.61 5.523164
732.25 5.829625
732.89 6.183836
733.53 6.580353
733.85 6.797272
734.17 7.037737
734.29 7.162116
734.33 7.232242
734.35 7.287428
734.37 7.378608
734.38 7.459443
734.39 7.62583
734.4 7.465678
734.41 7.403712
734.43 7.345306
734.47 7.312682
734.55 7.333766
734.71 7.440998
734.87 7.5714
734.95 7.654548
734.99 7.729967
735.0 7.773315
735.04 7.739461
735.12 7.778888
735.44 8.047656
736.08 8.658135
736.4 8.9978
736.46 9.077014
736.48 9.127561
736.52 9.13595
736.84 9.486837
737.26 9.999995
767.82 10.0
767.86 9.9821
768.18 9.655515
768.3 9.553424
768.46 9.390708
768.78 9.111435
769.1 8.856748
769.42 8.627457
769.74 8.425511
770.06 8.253815
770.38 8.116036
770.7 8.021786
771.02 7.982632
771.18 7.990249
771.34 8.018721
771.5 8.075498
771.66 8.167029
771.82 8.299462
771.98 8.486668
772.06 8.605379
772.14 8.744589
772.22 8.90795
772.3 9.096351
772.38 9.318184
772.46 9.57472
772.54 9.876448
772.57 10.0
774.93 9.991913
775.01 9.463596
775.09 9.003971
775.17 8.601666
775.25 8.247535
775.33 7.934743
775.41 7.655114
775.49 7.405567
775.57 7.181712
775.73 6.798232
775.89 6.48542
776.05 6.241445
776.13 6.162289
776.17 6.150754
776.21 6.190464
776.23 6.257104
776.24 6.31595
776.25 6.407412
776.26 6.567028
776.27 6.750901
776.28 6.461797
776.29 6.310519
776.3 6.208694
776.32 6.073305
776.34 5.983571
776.38 5.865109
776.46 5.71829
776.58 5.573115
776.63 5.555033
776.65 5.507104
776.73 5.412577
776.89 5.26954
777.09 5.133347
777.15 5.134274
777.19 5.065273
777.35 4.94167
777.67 4.754299
777.99 4.599313
778.15 4.536884
778.19 4.5444
778.23 4.502537
778.55 4.354269
779.19 4.123298
779.51 4.041821
779.59 4.046525
779.63 4.070412
779.65 4.097079
779.67 4.14553
779.69 4.242932
779.7 4.336401
779.71 4.522851
779.72 4.495012
779.73 4.316846
779.74 4.221808
779.76 4.115948
779.78 4.057075
779.82 3.992693
779.9 3.931404
780.22 3.817132
780.86 3.652171
781.82 3.449544
782.14 3.409916
782.22 3.414637
782.3 3.445087
782.34 3.486806
782.38 3.579647
782.4 3.672464
782.41 3.743813
782.42 3.846636
782.43 4.01353
782.44 4.217408
782.45 3.940029
782.46 3.798284
782.47 3.705159
782.49 3.586998
782.51 3.513189
782.55 3.428064
782.63 3.349206
782.79 3.281852
783.35 3.173213
783.51 3.148064
783.59 3.15249
783.63 3.176941
783.65 3.223534
783.66 3.308727
783.67 3.225899
783.69 3.168982
783.73 3.129559
783.89 3.083093
784.37 3.025525
784.53 3.048208
784.57 3.074713
784.61 3.130106
784.63 3.18126
784.65 3.26586
784.66 3.33086
784.67 3.423557
784.68 3.569794
784.69 3.87943
784.7 3.625253
784.71 3.451366
784.72 3.344756
784.74 3.215787
784.76 3.140203
784.8 3.056719
784.88 2.98379
785.04 2.926086
785.52 2.856019
785.6 2.868282
785.64 2.909889
785.66 2.964372
785.67 2.932267
785.69 2.934698
785.71 2.875921
785.75 2.839447
785.91 2.795143
787.19 2.634457
788.47 2.499793
788.87 2.473227
789.19 2.43158
790.47 2.325399
791.11 2.285945
791.27 2.299943
791.29 2.317971
791.33 2.287776
791.65 2.236969
791.97 2.209272
792.21 2.207504
792.25 2.23555
792.26 2.262746
792.3 2.209243
792.46 2.175178
792.94 2.162421
793.02 2.188808
793.04 2.210197
793.06 2.258036
793.08 2.221374
793.12 2.231711
793.14 2.256853
793.16 2.30274
793.18 2.389937
793.19 2.465893
793.2 2.591509
793.21 2.863938
793.22 2.723446
793.23 2.530467
793.24 2.426722
793.25 2.359844
793.27 2.278622
793.31 2.203192
793.39 2.152639
793.55 2.107914
794.51 2.034013
794.65 2.043481
794.67 2.04946
794.75 2.021295
797.31 1.881958
798.59 1.831237
798.67 1.843657
798.71 1.866781
798.73 1.893988
798.75 1.958911
798.76 2.060138
798.77 1.975687
798.78 1.925236
798.8 1.878356
798.84 1.841292
799.0 1.807313
799.32 1.792447
799.38 1.814404
799.46 1.784787
800.0 1.75585
