50.0 0.135724
51.28 0.2059331
51.92 0.2768764
52.0 0.2932418
52.02 0.3146822
52.06 0.3005159
52.38 0.3590435
52.53 0.4172837
52.54 0.4493035
52.56 0.4212467
52.72 0.448729
52.96 0.5451066
53.04 0.6092072
53.06 0.6636806
53.07 0.7058814
53.08 0.6503817
53.12 0.6308774
53.28 0.689554
53.44 0.8018939
53.52 0.8900684
53.56 0.9624969
53.58 1.035582
53.59 1.130973
53.6 1.173199
53.61 1.070799
53.63 1.02537
53.67 1.01488
53.75 1.049792
53.83 1.114319
53.91 1.205877
53.99 1.33185
54.03 1.415381
54.07 1.527313
54.09 1.608534
54.1 1.66443
54.11 1.742671
54.12 1.878558
54.13 3.039968
54.14 1.913294
54.15 1.80691
54.16 1.756944
54.18 1.712283
54.22 1.695406
54.3 1.74784
54.38 1.858632
54.46 2.024904
54.5 2.134727
54.54 2.268681
54.58 2.438966
54.6 2.547207
54.62 2.684446
54.63 2.772267
54.64 2.883279
54.65 3.038427
54.66 3.290037
54.67 4.329665
54.68 3.438077
54.69 3.186858
54.7 3.067983
54.71 2.997596
54.73 2.922047
54.75 2.88835
54.79 2.87801
54.83 2.908875
54.87 2.968825
54.91 3.055229
54.95 3.16405
54.99 3.302429
55.03 3.473829
55.07 3.685759
55.11 3.954157
55.13 4.12013
55.15 4.320042
55.17 4.574777
55.18 4.7373
55.19 4.94319
55.2 5.22671
55.21 5.690661
55.22 7.408733
55.23 5.983869
55.24 5.500587
55.25 5.264128
55.26 5.119041
55.27 5.021577
55.29 4.903357
55.31 4.841732
55.33 4.812971
55.37 4.81714
55.41 4.880687
55.45 4.988203
55.49 5.142287
55.53 5.345244
55.57 5.602937
55.61 5.925186
55.63 6.116377
55.65 6.332018
55.67 6.579371
55.69 6.86532
55.71 7.205083
55.72 7.406823
55.73 7.638896
55.74 7.914196
55.75 8.255022
55.76 8.709502
55.77 9.402129
55.78 10.0
55.79 10.0
55.8 9.45405
55.81 8.975773
55.82 8.686309
55.83 8.49179
55.84 8.353824
55.85 8.253175
55.87 8.124231
55.89 8.059513
55.91 8.038951
55.93 8.052373
55.97 8.156621
55.99 8.244231
56.01 8.356089
56.03 8.491909
56.05 8.65243
56.07 8.839214
56.09 9.054624
56.11 9.30181
56.13 9.585603
56.15 9.910977
56.16 10.0
63.34 10.0
63.39 9.854362
63.41 9.82694
63.43 9.831767
63.45 9.87267
63.48 10.0
63.61 10.0
63.63 9.394462
63.65 8.905598
63.67 8.510895
63.69 8.180759
63.71 7.896829
63.73 7.648357
63.75 7.428982
63.77 7.23438
63.81 6.908468
63.85 6.65567
63.89 6.468672
63.93 6.33682
63.97 6.266711
63.99 6.258059
64.01 6.269973
64.03 6.308123
64.05 6.382816
64.07 6.516006
64.08 6.619041
64.09 6.762965
64.1 6.975405
64.11 7.321806
64.12 8.050301
64.13 9.334577
64.14 7.489353
64.15 6.892187
64.16 6.52532
64.17 6.248458
64.18 6.03161
64.19 5.850894
64.21 5.55681
64.23 5.319196
64.25 5.11827
64.27 4.943652
64.31 4.652502
64.35 4.419927
64.39 4.234423
64.43 4.088816
64.47 3.976861
64.51 3.902829
64.55 3.86072
64.59 3.866322
64.61 3.901382
64.63 3.977442
64.64 4.043434
64.65 4.1444
64.66 4.313272
64.67 4.666233
64.68 5.971068
64.69 4.470987
64.7 4.1155
64.71 3.903079
64.72 3.750186
64.73 3.629551
64.75 3.441906
64.77 3.294204
64.81 3.063569
64.85 2.883743
64.89 2.736991
64.97 2.517183
65.05 2.374809
65.09 2.331757
65.13 2.312703
65.17 2.33913
65.19 2.396172
65.2 2.454186
65.21 2.565241
65.22 2.903662
65.23 2.761741
65.24 2.470034
65.25 2.333728
65.26 2.243094
65.28 2.118005
65.32 1.953789
65.36 1.834574
65.44 1.659057
65.52 1.530842
65.6 1.442687
65.68 1.394413
65.72 1.401756
65.74 1.436548
65.75 1.482433
65.76 1.622991
65.77 1.596382
65.78 1.442585
65.79 1.376009
65.81 1.298883
65.85 1.207628
65.93 1.089565
66.01 1.004116
66.17 0.8912977
66.25 0.866277
66.27 0.8715384
66.29 0.9042918
66.3 1.020359
66.31 0.9146832
66.32 0.8641976
66.36 0.7927247
66.52 0.6724621
66.76 0.5753935
66.82 0.5757955
66.84 0.6116337
66.85 0.5692895
66.93 0.5125179
67.25 0.4187293
67.36 0.4124608
67.37 0.4526872
67.38 0.4047371
67.54 0.356467
67.86 0.3072509
67.9 0.3176273
67.94 0.296788
68.58 0.231515
69.86 0.1621935
72.42 0.09913053
77.54 0.05319805
87.78 0.02720063
101.7 0.03372458
101.74 0.04668234
101.9 0.02683813
109.58 0.04656523
110.78 0.06118903
110.84 0.08487126
110.92 0.05904341
113.48 0.09555326
114.76 0.1536388
115.4 0.2083882
116.04 0.3027037
116.36 0.37739
116.68 0.4841914
117.0 0.6435041
117.16 0.7537509
117.32 0.8937328
117.48 1.074627
117.64 1.31272
117.72 1.460504
117.8 1.632811
117.88 1.835004
117.96 2.073944
118.04 2.358572
118.12 2.700774
118.16 2.898313
118.2 3.116788
118.24 3.359318
118.28 3.629743
118.32 3.932998
118.36 4.276884
118.4 4.658875
118.44 5.097712
118.48 5.605256
118.5 5.890143
118.52 6.199665
118.54 6.537701
118.56 6.909227
118.58 7.320829
118.6 7.781521
118.62 8.304176
118.63 8.594426
118.64 8.908177
118.65 9.24973
118.67 10.0
118.83 10.0
118.85 9.262178
118.86 8.917626
118.87 8.601255
118.88 8.308714
118.9 7.782213
118.92 7.318392
118.94 6.904174
118.96 6.530416
118.98 6.190448
119.0 5.879235
119.02 5.592898
119.06 5.082456
119.1 4.640339
119.14 4.25362
119.18 3.912584
119.22 3.609954
119.26 3.340549
119.3 3.097602
119.34 2.878018
119.42 2.500662
119.5 2.188896
119.58 1.92857
119.66 1.709304
119.74 1.523238
119.82 1.364287
119.98 1.109513
120.14 0.9171676
120.3 0.7691783
120.46 0.6533068
120.78 0.4870214
121.1 0.3764073
121.42 0.299625
122.06 0.2033984
122.7 0.1481228
123.98 0.09823259
124.06 0.1132898
124.09 0.1388547
124.13 0.104935
124.45 0.0798657
125.33 0.0722185
125.39 0.1003628
125.47 0.068941
128.03 0.03791514
141.95 0.02143329
142.11 0.03500652
142.15 0.0532323
142.17 0.08102544
142.21 0.04651576
142.37 0.02226805
144.77 0.01977996
144.91 0.03782402
145.11 0.0189048
164.87 0.02767576
164.95 0.05023767
165.03 0.02817562
165.67 0.03399019
165.75 0.05957556
165.78 0.1067278
165.82 0.05879047
165.9 0.03394139
168.46 0.02440209
173.58 0.03720282
177.98 0.0800715
179.26 0.1207915
180.54 0.2106902
181.18 0.2971188
181.82 0.4353872
183.26 0.9008679
183.3 0.9522652
183.31 1.109983
183.32 0.9505106
183.34 0.9141962
183.42 0.8699999
184.22 0.613163
184.34 0.5977875
184.38 0.6376348
184.4 0.5910385
184.48 0.533755
184.64 0.4791399
184.74 0.4646754
184.9 0.4079846
185.54 0.2846499
186.18 0.2053609
187.46 0.1234235
190.02 0.06457926
193.22 0.04464598
193.34 0.05686882
193.98 0.04030866
195.26 0.045495
195.38 0.07122427
195.42 0.1216842
195.43 0.1747516
195.44 0.1237736
195.48 0.07188182
195.64 0.04638757
195.72 0.06298359
195.8 0.04237605
208.36 0.02993683
208.6 0.05204794
208.64 0.09400612
208.68 0.05428085
208.84 0.03185526
210.76 0.03875981
210.8 0.05090787
210.96 0.02926724
214.8 0.03188733
214.92 0.05028096
214.96 0.08237183
215.0 0.04671947
215.32 0.028207
225.88 0.03558004
226.04 0.05438945
226.36 0.03376897
228.92 0.02947411
229.56 0.04060534
230.84 0.03249741
231.16 0.04616051
231.24 0.07800865
231.27 0.1277523
231.28 0.1777141
231.3 0.109768
231.34 0.06582639
231.5 0.03752037
233.42 0.03907304
233.9 0.0632293
233.94 0.08088112
234.1 0.05174847
235.38 0.03826337
235.62 0.06500112
235.68 0.1185757
235.7 0.1792995
235.71 0.2769509
235.72 0.1777252
235.74 0.1180108
235.78 0.07493249
235.94 0.04203559
236.9 0.04077085
237.06 0.06635465
237.1 0.09466533
237.12 0.1257006
237.14 0.199256
237.15 0.2157874
237.16 0.1605851
237.18 0.1112268
237.22 0.07244577
237.38 0.04121697
238.66 0.0360457
238.98 0.05658098
239.02 0.07197178
239.06 0.1108516
239.08 0.1619012
239.09 0.2218261
239.11 0.1493746
239.13 0.1056299
239.17 0.07048088
239.33 0.04254221
241.89 0.03684931
242.21 0.05929208
242.25 0.07614486
242.29 0.1194096
242.31 0.1799344
242.32 0.2349144
242.33 0.1677273
242.35 0.1147391
242.39 0.07465829
242.55 0.04305565
243.19 0.04089916
243.35 0.05957875
243.39 0.07800067
243.43 0.1229424
243.44 0.1493007
243.45 0.1978758
243.46 0.182095
243.48 0.1176999
243.52 0.07448398
243.68 0.04235748
244.08 0.04044303
244.16 0.06366557
244.24 0.03954996
246.8 0.0334294
247.72 0.04780364
247.76 0.07225844
247.84 0.04455916
248.0 0.04703792
248.12 0.07795343
248.16 0.1288354
248.17 0.1591944
248.18 0.2181491
248.21 0.1217024
248.25 0.07571848
248.41 0.04309137
249.37 0.03924938
249.69 0.06300869
249.73 0.07952406
249.77 0.1226496
249.79 0.1828836
249.8 0.1418158
249.84 0.09623112
249.88 0.09156093
249.92 0.1117163
249.95 0.1682257
249.96 0.2233046
249.98 0.1469869
250.02 0.08922258
250.1 0.05801403
250.74 0.03910868
251.06 0.04084033
258.1 0.04022361
258.2 0.06293226
258.28 0.04281107
258.6 0.05603105
258.68 0.09605127
258.7 0.1296846
258.71 0.1636892
258.72 0.1762616
258.74 0.1136555
258.78 0.07380881
258.94 0.0441639
262.78 0.04498902
262.82 0.0522713
262.86 0.08105312
262.9 0.0512479
263.22 0.04160785
263.54 0.05217008
263.62 0.07356931
263.66 0.1105209
263.68 0.1607628
263.69 0.2234154
263.71 0.1439961
263.73 0.1037769
263.77 0.07197773
264.09 0.04143961
264.89 0.04932498
264.93 0.0632536
265.09 0.0406693
267.01 0.04415525
267.21 0.07267469
267.25 0.1126494
267.27 0.1515875
267.29 0.1013078
267.33 0.06932239
267.49 0.04532558
272.61 0.04255841
272.93 0.05811609
273.01 0.09471355
273.04 0.1535831
273.05 0.2178742
273.06 0.1609807
273.08 0.1099016
273.12 0.07428129
273.28 0.04791305
273.92 0.04264199
274.4 0.05871976
274.44 0.07326454
274.48 0.1249559
274.5 0.0861951
274.58 0.05463006
275.86 0.04524486
276.34 0.05633912
276.66 0.0480584
276.9 0.06593678
276.92 0.08433
277.0 0.05290429
279.4 0.04932801
279.48 0.07198626
279.64 0.04616334
279.88 0.05297427
282.76 0.04876854
282.84 0.07373664
282.92 0.04844134
285.48 0.0471116
285.96 0.06807229
286.04 0.1013893
286.06 0.1237585
286.09 0.2003681
286.1 0.1695238
286.12 0.1592363
286.14 0.1857172
286.16 0.2447014
286.17 0.1863287
286.19 0.1374176
286.23 0.1039951
286.27 0.1032251
286.29 0.1210592
286.37 0.07060683
286.69 0.04946885
287.97 0.04662378
288.77 0.0609013
288.89 0.09573129
288.93 0.1441171
288.95 0.2095066
288.96 0.2796509
288.97 0.201113
288.99 0.1421481
289.03 0.09540368
289.11 0.06678041
289.75 0.04766658
290.95 0.05336983
292.87 0.05172103
293.11 0.07658638
293.15 0.1069048
293.17 0.1598093
293.19 0.1107223
293.23 0.07812426
293.39 0.05661294
293.47 0.05740436
293.55 0.07735148
293.63 0.05524678
297.47 0.05258937
298.43 0.07037319
298.47 0.08329399
298.63 0.0635147
299.91 0.05480239
300.63 0.06971312
300.69 0.09948648
300.73 0.07287643
301.05 0.06201067
301.61 0.08038253
301.73 0.1155045
301.77 0.161775
301.79 0.2145124
301.8 0.2622776
301.81 0.3536516
301.82 0.3076215
301.83 0.2399801
301.85 0.1733538
301.89 0.118499
301.97 0.0838082
302.29 0.06207618
302.93 0.06419193
303.09 0.0882281
303.13 0.1166558
303.15 0.1510996
303.16 0.1870123
303.17 0.1861105
303.19 0.1301558
303.23 0.09268583
303.39 0.06405534
309.95 0.06600021
310.07 0.09385542
310.15 0.06810151
315.27 0.0779657
315.75 0.09667719
315.83 0.1309132
315.86 0.1832826
315.87 0.230294
315.88 0.232294
315.89 0.1847565
315.91 0.144269
315.95 0.1141357
316.11 0.09766724
316.19 0.1049833
316.27 0.1355925
316.31 0.1962547
316.33 0.2656592
316.34 0.2110257
316.36 0.1630864
316.4 0.1253465
316.56 0.09587099
316.68 0.110816
316.84 0.09029912
317.16 0.09860382
317.2 0.1091438
317.36 0.0924854
318.64 0.1050752
319.76 0.1370503
319.92 0.1675204
319.96 0.2004402
319.98 0.2407627
319.99 0.2830511
320.0 0.3052415
320.01 0.2520247
320.03 0.2072912
320.07 0.1743479
320.23 0.1538048
321.51 0.2023681
322.15 0.2454926
322.79 0.3172106
323.43 0.4419263
323.75 0.5339906
324.07 0.6450992
324.71 0.9077827
325.11 1.044466
325.14 1.082707
325.15 1.13881
325.17 1.071906
325.21 1.03274
325.85 0.7926709
326.17 0.6652779
326.49 0.5670115
326.73 0.5072333
326.81 0.5138763
326.85 0.5448389
326.88 0.6150012
326.89 0.6675438
326.9 0.783849
326.91 0.6770786
326.92 0.6132795
326.94 0.5442974
326.98 0.4797098
327.06 0.4259336
327.38 0.3429518
327.78 0.2942745
327.84 0.322314
327.92 0.2758229
328.56 0.2087738
329.84 0.148618
331.12 0.1200975
332.4 0.1132217
332.56 0.1273688
332.64 0.1600689
332.68 0.2176506
332.69 0.2497001
332.7 0.3068754
332.71 0.2996498
332.72 0.2473226
332.74 0.198026
332.78 0.1609031
332.82 0.1524356
332.86 0.1658641
332.88 0.1998824
332.92 0.1456576
333.08 0.1105917
335.0 0.09234493
335.24 0.1090374
335.27 0.1408411
335.31 0.1060482
335.95 0.08866919
342.99 0.08761558
343.15 0.1036569
343.18 0.1289956
343.22 0.1286764
343.24 0.1549895
343.26 0.1202634
343.34 0.09515236
348.3 0.08932534
351.5 0.1093641
351.66 0.1256404
351.98 0.1133787
352.22 0.1406302
352.26 0.164753
352.3 0.2293909
352.31 0.2661509
352.32 0.3334056
352.33 0.3166347
352.34 0.2582968
352.36 0.2024955
352.4 0.1577878
352.48 0.1339469
352.56 0.1421622
352.59 0.1729169
352.63 0.1396081
352.71 0.1320173
352.75 0.1421037
352.79 0.1784282
352.8 0.201072
352.81 0.2447175
352.82 0.2469872
352.83 0.201199
352.85 0.1621597
352.93 0.1212034
353.57 0.1029818
354.85 0.1135288
354.97 0.1398144
355.01 0.1876605
355.02 0.2103888
355.04 0.1626129
355.12 0.122365
355.76 0.1081647
357.04 0.1137901
357.52 0.1377568
357.56 0.153151
357.6 0.1927797
357.62 0.2489101
357.63 0.338387
357.64 0.2475041
357.66 0.1927595
357.7 0.1542262
357.86 0.1276708
358.02 0.1294776
358.14 0.1526424
358.18 0.1941189
358.19 0.2220803
358.2 0.2973835
358.21 0.2208775
358.23 0.1776811
358.31 0.1391603
358.63 0.1438497
358.75 0.1875755
358.79 0.2276799
358.81 0.2698454
358.83 0.3477699
358.84 0.4184654
358.85 0.5534214
358.86 0.4954727
358.87 0.3908915
358.89 0.29017
358.91 0.2391244
358.95 0.1892622
359.03 0.1536704
359.35 0.1335099
359.51 0.1419067
359.59 0.1674206
359.63 0.2209383
359.64 0.2573666
359.65 0.3502544
359.66 0.2540351
359.68 0.1980517
359.72 0.1605492
359.88 0.1345801
361.48 0.140997
361.64 0.1628442
361.67 0.2029378
361.69 0.1687955
361.85 0.1448237
363.13 0.1594061
363.41 0.1861319
363.45 0.2204461
363.46 0.2440445
363.47 0.2940248
363.48 0.2401477
363.52 0.1934008
363.68 0.1741588
364.16 0.1897569
364.32 0.2275629
364.36 0.2573437
364.4 0.3297197
364.42 0.3833897
364.43 0.4314375
364.44 0.5114059
364.45 0.7200983
364.46 0.5083016
364.47 0.4271719
364.49 0.3419167
364.53 0.2681443
364.61 0.2209164
364.93 0.1993635
365.57 0.2180629
366.21 0.2576277
366.53 0.2938549
366.69 0.3389231
366.73 0.3737702
366.76 0.441377
366.78 0.5356523
366.79 0.4625544
366.81 0.4065525
366.85 0.3704848
367.01 0.3690025
367.33 0.4508563
367.49 0.514789
367.65 0.6031935
367.81 0.7268186
367.97 0.9072319
368.05 1.030158
368.13 1.185595
368.21 1.388125
368.25 1.514639
368.29 1.665159
368.33 1.851123
368.37 2.074847
368.39 2.214824
368.41 2.381979
368.43 2.589583
368.44 2.716078
368.45 2.864974
368.46 3.046151
368.47 3.277584
368.48 3.59899
368.49 4.153426
368.5 5.218593
368.51 3.910074
368.52 3.472545
368.53 3.190385
368.54 2.979839
368.55 2.811848
368.57 2.552199
368.59 2.353712
368.61 2.192508
368.65 1.93892
368.69 1.742859
368.73 1.584037
368.77 1.451694
368.85 1.243376
368.93 1.096187
368.95 1.081464
368.99 0.9934664
369.07 0.8815066
369.23 0.7250011
369.39 0.6195454
369.55 0.5459278
369.87 0.4556339
370.19 0.4083766
370.51 0.3850183
370.83 0.3825238
370.95 0.4062948
370.99 0.4426576
371.01 0.4920816
371.02 0.552875
371.04 0.4769514
371.06 0.4361522
371.1 0.4037321
371.26 0.3789155
371.9 0.3897665
373.18 0.4758303
373.82 0.5469095
374.46 0.645583
374.78 0.710615
375.02 0.7803202
375.1 0.8284767
375.14 0.8835941
375.16 0.9420461
375.17 0.9964068
375.18 1.094039
375.19 0.9906631
375.21 0.9193174
375.25 0.8734382
375.33 0.8621829
375.65 0.9422326
375.97 1.069297
376.13 1.136802
376.21 1.199492
376.24 1.273767
376.25 1.241409
376.29 1.224639
376.45 1.29202
376.61 1.385989
376.77 1.505096
376.93 1.603044
377.25 1.866732
377.41 2.026567
377.57 2.207732
377.73 2.413002
377.89 2.646945
378.05 2.915537
378.13 3.069269
378.21 3.253986
378.25 3.389646
378.27 3.509135
378.28 3.639826
378.29 3.568944
378.3 3.533459
378.32 3.521082
378.36 3.564634
378.44 3.722393
378.6 4.119321
378.68 4.364758
378.7 4.435478
378.74 4.518815
378.82 4.747416
378.98 5.265031
379.14 5.836365
379.3 6.449984
379.62 7.723406
379.78 8.315012
379.86 8.579992
380.1 9.282503
380.14 9.455865
380.16 9.590794
380.17 9.688825
380.19 10.0
380.2 10.0
380.21 9.91767
380.22 9.717308
380.23 9.595509
380.25 9.434776
380.27 9.321588
380.31 9.152023
380.47 8.622238
380.63 8.052935
381.11 6.150219
381.27 5.555632
381.43 5.008648
381.59 4.513701
381.75 4.070708
381.91 3.677129
382.07 3.330887
382.23 3.021593
382.39 2.749086
382.55 2.509046
382.71 2.297041
382.87 2.109152
383.19 1.794251
383.51 1.543769
383.83 1.342599
384.15 1.179177
384.47 1.045395
385.11 0.8420463
385.75 0.6980347
386.71 0.5505644
387.03 0.5301543
387.07 0.5421424
387.1 0.5801767
387.12 0.5453692
387.2 0.5267422
387.26 0.5555675
387.29 0.6172259
387.31 0.5567267
387.35 0.5157963
387.51 0.4721051
388.15 0.4133355
389.43 0.3452447
391.99 0.262062
392.47 0.2659043
392.55 0.2856803
392.61 0.3421865
392.63 0.395356
392.64 0.4442303
392.65 0.5383871
392.66 0.513091
392.67 0.4320503
392.69 0.3577498
392.73 0.2994436
392.81 0.2634013
393.13 0.2368988
394.89 0.2085204
395.05 0.2287925
395.07 0.2348412
395.15 0.2089437
395.79 0.1976249
396.43 0.2091367
396.47 0.2223285
396.51 0.2635906
396.52 0.2919062
396.53 0.3557026
396.54 0.2875125
396.56 0.2453705
396.64 0.2059847
396.96 0.201766
397.0 0.2165559
397.03 0.2604285
397.05 0.2202547
397.13 0.1950821
399.69 0.1806281
399.85 0.186066
400.01 0.2181761
400.05 0.2578552
400.08 0.3344993
400.09 0.2898206
400.11 0.2488365
400.15 0.2154043
400.31 0.1876761
400.95 0.195582
401.11 0.2263355
401.15 0.2509087
401.19 0.3163854
401.2 0.351999
401.22 0.4729324
401.23 0.3810749
401.25 0.3066436
401.29 0.2517369
401.37 0.222437
401.53 0.2201617
401.69 0.246208
401.73 0.2727848
401.74 0.3288435
401.75 0.273201
401.83 0.2461416
401.93 0.2535882
402.01 0.2268115
402.17 0.2264948
402.29 0.2692037
402.33 0.3203422
402.35 0.3706237
402.37 0.4619594
402.38 0.5424152
402.39 0.6862847
402.4 0.6996349
402.41 0.5479324
402.42 0.4642489
402.44 0.3694056
402.48 0.2839306
402.56 0.22576
402.72 0.1944867
403.68 0.1750598
403.8 0.1914368
403.84 0.2256735
403.88 0.1888597
404.2 0.168617
406.76 0.1651781
408.04 0.1805722
408.12 0.1914105
408.2 0.2218044
408.24 0.2649535
408.27 0.3473043
408.28 0.4045573
408.29 0.5135139
408.3 0.4852052
408.31 0.3926435
408.33 0.3052159
408.37 0.237049
408.45 0.1962319
408.77 0.173319
411.33 0.1777005
412.93 0.2054293
412.99 0.2294668
413.01 0.2665185
413.05 0.2178459
413.21 0.1964302
413.85 0.2053178
414.09 0.2404301
414.17 0.2988428
414.19 0.332732
414.21 0.3878386
414.23 0.488833
414.24 0.5793686
414.25 0.7470173
414.26 0.7250758
414.27 0.5692231
414.28 0.4828561
414.3 0.3854283
414.32 0.3320228
414.36 0.2774854
414.44 0.2366096
414.76 0.2101617
417.32 0.2470752
418.6 0.2914498
419.88 0.373637
420.52 0.4438938
420.76 0.4930812
420.8 0.5233393
420.84 0.502658
421.16 0.5491276
421.48 0.6246117
421.8 0.7250121
422.12 0.8596714
422.44 1.047998
422.6 1.171144
422.76 1.319969
422.92 1.503266
423.08 1.732007
423.24 2.02159
423.32 2.196498
423.4 2.397063
423.48 2.630851
423.56 2.914514
423.6 3.092016
423.62 3.200441
423.64 3.33693
423.65 3.426309
423.66 3.548465
423.67 3.768069
423.68 3.621846
423.69 3.588649
423.71 3.597993
423.73 3.648564
423.77 3.802918
423.81 3.995626
423.85 4.215097
423.89 4.458712
423.93 4.726754
423.97 5.020818
424.01 5.343313
424.05 5.697305
424.09 6.086515
424.13 6.515368
424.17 6.989157
424.21 7.514187
424.25 8.098053
424.29 8.749995
424.31 9.104955
424.33 9.481412
424.35 9.881249
424.36 10.0
425.17 10.0
425.18 9.85482
425.2 9.44436
425.22 9.064355
425.24 8.708753
425.28 8.058959
425.32 7.478785
425.36 6.957469
425.4 6.487206
425.44 6.061513
425.48 5.674683
425.52 5.322463
425.56 5.000909
425.6 4.706679
425.64 4.436888
425.72 3.960905
425.8 3.55645
425.88 3.210945
425.96 2.915671
426.04 2.67248
426.06 2.631672
426.07 2.630542
426.09 2.533819
426.17 2.307166
426.25 2.122862
426.41 1.821141
426.57 1.585086
426.73 1.398199
426.89 1.250978
426.97 1.195502
426.99 1.196742
427.07 1.111939
427.23 1.000957
427.55 0.8358971
427.87 0.7211381
427.95 0.7099002
428.11 0.6520834
428.59 0.5632275
428.71 0.573942
428.75 0.6071033
428.77 0.6502189
428.78 0.6920632
428.79 0.780104
428.81 0.6609241
428.83 0.603292
428.87 0.5537515
428.95 0.516547
429.27 0.4687191
429.35 0.4675189
429.41 0.4896212
429.42 0.5133796
429.44 0.4780203
429.52 0.4477974
429.84 0.4169814
430.16 0.4117608
430.24 0.4301648
430.28 0.4606689
430.3 0.493829
430.32 0.5635107
430.33 0.6445145
430.34 0.6186124
430.35 0.5501169
430.37 0.4854174
430.41 0.4326422
430.49 0.3980065
430.81 0.3680012
432.09 0.3352143
433.37 0.3327737
434.65 0.3531586
435.93 0.4113985
436.57 0.4718137
437.21 0.5812587
437.37 0.6460576
437.41 0.6819882
437.45 0.7571595
437.47 0.8377924
437.48 0.9090982
437.49 1.042604
437.5 0.9943687
437.51 0.8910844
437.53 0.794295
437.55 0.7472654
437.59 0.7054116
437.67 0.686411
437.83 0.7051431
438.15 0.7942277
438.31 0.8566219
438.43 0.9236422
438.47 0.9734678
438.48 1.010714
438.5 0.9737695
438.58 0.9767027
439.1 1.172128
439.14 1.204861
439.15 1.279374
439.16 1.212572
439.2 1.181761
439.52 1.111299
439.68 1.057135
440.0 0.9446712
440.32 0.8574544
440.64 0.8033938
440.96 0.7845665
441.12 0.7991916
441.2 0.8290601
441.24 0.8630975
441.28 0.9351238
441.3 1.007067
441.31 1.062835
441.32 1.143399
441.33 1.273848
441.34 1.604042
441.35 1.287535
441.36 1.152034
441.37 1.069629
441.39 0.9719929
441.41 0.9169742
441.45 0.8601425
441.53 0.8194376
441.69 0.8082256
441.85 0.8238384
442.01 0.8669015
442.05 0.8951463
442.09 0.9573089
442.11 1.037763
442.12 1.082167
442.13 1.014307
442.15 0.9563806
442.19 0.9141315
442.27 0.8984115
442.59 0.9502244
443.01 1.061299
443.65 1.19563
443.97 1.291401
444.29 1.423264
444.61 1.600075
444.93 1.83492
445.09 1.977033
445.25 2.144742
445.33 2.245064
445.41 2.380815
445.43 2.434275
445.45 2.520471
445.46 2.587518
445.47 2.534404
445.49 2.507018
445.53 2.517691
445.61 2.603463
445.77 2.840854
445.93 3.126862
446.01 3.290526
446.09 3.477834
446.13 3.613313
446.14 3.676211
446.18 3.694954
446.26 3.86172
446.42 4.288512
446.5 4.529085
446.58 4.790734
446.62 4.936473
446.65 5.078958
446.67 5.114865
446.75 5.384911
446.91 6.01187
447.07 6.70504
447.39 8.203834
447.55 8.930905
447.63 9.26298
447.71 9.563794
447.83 9.954717
447.85 10.0
448.12 10.0
448.28 9.383996
448.36 9.047891
448.52 8.31852
448.68 7.568365
448.76 7.217306
448.8 7.0656
448.82 7.005144
448.84 6.966971
448.85 6.963635
448.86 6.981161
448.87 7.045285
448.88 7.045303
448.89 6.86792
448.9 6.75233
448.92 6.584501
448.96 6.339642
449.04 5.956109
449.12 5.619623
449.2 5.308787
449.36 4.746154
449.52 4.253707
449.68 3.822055
449.84 3.446184
450.0 3.120265
450.16 2.831699
450.32 2.581323
450.48 2.362285
450.64 2.169811
450.8 2.000597
451.12 1.719513
451.44 1.500486
451.76 1.325229
451.92 1.254741
452.08 1.205967
452.1 1.20766
452.18 1.157737
452.24 1.153229
452.28 1.116055
452.6 0.9950051
453.24 0.8274659
453.72 0.739343
453.79 0.7521782
453.83 0.7241647
454.47 0.6316989
454.63 0.6284335
454.67 0.6560077
454.71 0.6189754
455.03 0.5709346
456.31 0.4775625
457.11 0.4516476
457.27 0.4737597
457.31 0.4936167
457.35 0.5355432
457.37 0.5764052
457.39 0.6490003
457.4 0.7122284
457.41 0.8233642
457.42 0.8442431
457.43 0.7213887
457.44 0.6534224
457.46 0.5759317
457.5 0.5050755
457.58 0.4554857
457.9 0.4147439
459.18 0.3747027
461.74 0.3445212
462.22 0.3636912
462.3 0.3999006
462.34 0.4676607
462.35 0.5067231
462.36 0.5779231
462.37 0.5876262
462.38 0.5113424
462.4 0.4442589
462.44 0.3927625
462.52 0.362798
462.84 0.3535424
463.0 0.370511
463.08 0.4013096
463.12 0.4398445
463.14 0.4753672
463.16 0.536301
463.17 0.5863458
463.18 0.666339
463.19 0.8440124
463.2 0.6616361
463.21 0.5888757
463.23 0.5180565
463.25 0.4909596
463.27 0.4426278
463.31 0.4020154
463.39 0.3730662
463.71 0.3637206
463.78 0.3874185
463.86 0.3622998
464.06 0.3727306
464.1 0.4111188
464.11 0.436786
464.13 0.390209
464.21 0.3558661
464.85 0.3408267
466.13 0.3487906
466.45 0.3716438
466.53 0.3982907
466.57 0.4306834
466.61 0.5082597
466.62 0.5476311
466.63 0.6089438
466.64 0.7356477
466.65 0.631
466.66 0.5608485
466.68 0.487585
466.72 0.4245933
466.8 0.3848138
467.12 0.3650686
467.44 0.3735462
467.76 0.4117078
467.84 0.4518098
467.88 0.4971561
467.9 0.5367816
467.92 0.6004454
467.94 0.7150959
467.95 0.8148922
467.96 0.9888302
467.97 1.119976
467.98 0.8765308
467.99 0.7546114
468.0 0.6775071
468.02 0.5844985
468.04 0.5317592
468.08 0.4774756
468.16 0.4407145
468.24 0.4378416
468.32 0.4648658
468.36 0.5120245
468.38 0.5663989
468.39 0.617463
468.4 0.7164336
468.41 0.608977
468.43 0.5313364
468.47 0.4722023
468.55 0.4381622
468.87 0.4401152
469.03 0.4802709
469.07 0.5166826
469.09 0.5579172
469.1 0.5999283
469.11 0.5925144
469.13 0.5372915
469.17 0.5039077
469.25 0.5027984
469.29 0.5232568
469.33 0.5727211
469.35 0.5440325
469.39 0.5370849
469.43 0.5600763
469.45 0.5882928
469.47 0.6463493
469.48 0.7128187
469.5 0.6270439
469.52 0.5816718
469.56 0.544902
469.64 0.5287403
469.8 0.5545847
469.88 0.6042889
469.92 0.6743456
469.94 0.7570278
469.95 0.8449042
469.96 0.8207064
469.97 0.7485985
469.99 0.6788839
470.03 0.623506
470.11 0.5970375
470.43 0.6338007
470.83 0.7276898
470.88 0.7657633
470.89 0.8008834
470.9 0.7806168
470.94 0.8254259
470.96 0.879769
470.97 0.9239269
470.98 0.9937067
470.99 1.146796
471.0 1.010732
471.01 0.9334128
471.03 0.8522145
471.07 0.7825562
471.15 0.7334797
471.47 0.685269
471.79 0.6649046
472.11 0.6668959
472.27 0.6975617
472.29 0.7180881
472.3 0.747557
472.32 0.7102587
472.4 0.6927669
472.56 0.7110423
472.72 0.7558146
472.8 0.8082267
472.84 0.8668109
472.86 0.9208582
472.88 1.018948
472.89 1.111481
472.9 1.257038
472.91 1.090955
472.92 1.014076
472.94 0.9331834
472.98 0.8690094
473.02 0.8501198
473.08 0.8616063
473.16 0.8515529
473.48 0.9556857
473.8 1.115629
474.12 1.313273
474.16 1.351321
474.64 1.574516
474.66 1.592999
474.68 1.637251
474.69 1.775697
474.7 1.62939
474.72 1.588904
475.04 1.423942
475.68 1.047936
475.84 0.9877676
475.92 0.9896149
475.96 1.023868
475.98 1.066314
476.0 1.152958
476.01 1.238071
476.02 1.444951
476.03 1.244576
476.04 1.145019
476.06 1.037687
476.08 0.977204
476.12 0.9088891
476.2 0.840693
476.36 0.7684221
476.68 0.6803756
477.0 0.6247089
477.16 0.6142606
477.2 0.6295898
477.24 0.6021626
477.56 0.5480729
478.2 0.4938969
478.84 0.4624178
479.36 0.4654773
479.4 0.4927733
479.44 0.4646519
479.6 0.4605714
479.62 0.4683718
479.78 0.452119
479.94 0.4618193
480.02 0.4906498
480.06 0.4769442
480.14 0.5083312
480.16 0.5407139
480.17 0.5719477
480.18 0.6381355
480.2 0.5530259
480.22 0.513436
480.26 0.4829274
480.42 0.4667061
480.58 0.4981793
480.62 0.5249694
480.66 0.5819807
480.68 0.6394203
480.69 0.6844457
480.7 0.7508975
480.71 0.8640889
480.72 0.954276
480.73 0.7941715
480.74 0.7121816
480.76 0.6225344
480.8 0.5447513
480.88 0.4970528
481.04 0.493981
481.12 0.5301847
481.16 0.5872979
481.18 0.6522302
481.19 0.7131989
481.2 0.8118575
481.21 0.7003436
481.23 0.6122767
481.27 0.5441074
481.35 0.51027
481.43 0.5162001
481.51 0.5622559
481.55 0.6275617
481.57 0.6907088
481.59 0.8028019
481.6 0.8973769
481.61 1.052471
481.62 1.459195
481.63 1.058538
481.64 0.9004338
481.65 0.8044168
481.67 0.690723
481.69 0.6265292
481.73 0.5594435
481.81 0.5083972
481.97 0.4808353
482.61 0.4840731
483.25 0.5155652
483.89 0.5704965
484.53 0.6678202
484.85 0.7431649
485.17 0.8517556
485.49 1.013068
485.65 1.124726
485.81 1.266563
485.97 1.450336
486.05 1.563371
486.21 1.843175
486.29 2.018677
486.37 2.225229
486.45 2.470849
486.53 2.76331
486.61 3.117
486.65 3.321808
486.69 3.548799
486.73 3.801325
486.77 4.083278
486.81 4.399728
486.85 4.756838
486.89 5.162495
486.93 5.627014
486.95 5.88551
486.97 6.164322
486.99 6.4661
487.01 6.79402
487.03 7.152101
487.05 7.545379
487.07 7.9804
487.09 8.465939
487.11 9.014215
487.12 9.317144
487.13 9.643079
487.14 9.995816
487.36 10.0
487.37 9.859291
487.38 9.485187
487.39 9.14993
487.4 8.84415
487.41 8.562425
487.43 8.056112
487.45 7.609769
487.47 7.210526
487.49 6.849768
487.51 6.521241
487.53 6.219878
487.55 5.942545
487.59 5.448452
487.63 5.021116
487.67 4.648564
487.71 4.318877
487.75 4.027489
487.79 3.76815
487.83 3.536289
487.87 3.32809
487.95 2.971291
488.03 2.678181
488.11 2.435201
488.19 2.23193
488.27 2.060381
488.35 1.914663
488.47 1.739986
488.49 1.739861
488.51 1.687367
488.67 1.493147
488.83 1.344967
488.99 1.224895
489.31 1.042019
489.47 0.98502
489.51 0.9899312
489.54 1.023833
489.56 0.974824
489.64 0.9130464
489.96 0.8072881
490.28 0.736701
490.92 0.6427833
491.56 0.5831844
491.88 0.5723294
491.94 0.6033852
491.95 0.6341277
491.97 0.5900022
492.05 0.5594952
493.33 0.5113019
494.61 0.49893
495.89 0.5094806
496.05 0.5266902
496.13 0.5517384
496.17 0.582539
496.21 0.6546449
496.23 0.7369336
496.24 0.8114559
496.25 0.9525502
496.26 0.9143225
496.27 0.7937085
496.28 0.7262064
496.3 0.6496586
496.34 0.5815038
496.42 0.5370345
496.74 0.513919
496.9 0.5210918
497.02 0.5550107
497.06 0.5998991
497.08 0.6545521
497.1 0.775546
497.11 0.6824722
497.13 0.6101569
497.17 0.5576746
497.25 0.5278873
497.57 0.5139614
497.89 0.5258887
497.95 0.5502335
497.97 0.5871249
498.01 0.5408205
498.17 0.5210366
498.49 0.5312103
498.65 0.5643593
498.69 0.5995301
498.71 0.6355785
498.73 0.7080563
498.75 0.8530077
498.76 0.7388302
498.77 0.6834039
498.79 0.6246978
498.83 0.5752927
498.91 0.5446924
499.55 0.5309791
500.35 0.5567853
500.41 0.5908184
500.43 0.6454128
500.47 0.5785411
500.55 0.554829
501.83 0.5782533
502.15 0.5950814
502.29 0.625706
502.45 0.6025809
505.01 0.6364954
505.25 0.6602687
505.33 0.6541746
505.37 0.6828997
505.41 0.651789
506.05 0.6498592
507.33 0.6951304
507.57 0.7319258
507.65 0.7804939
507.69 0.8489031
507.71 0.9236685
507.72 0.9888231
507.73 1.10432
507.74 1.149953
507.75 1.017725
507.76 0.9516538
507.78 0.8878584
507.8 0.8733057
507.81 0.8899538
507.82 0.8831773
507.84 0.8197887
507.88 0.777004
507.96 0.7573627
508.0 0.7628438
508.03 0.7928366
508.07 0.7719915
508.11 0.7856784
508.15 0.8261827
508.17 0.8724424
508.18 0.9136493
508.19 0.9905303
508.21 0.893692
508.23 0.8363289
508.27 0.7880477
508.35 0.75819
508.67 0.7523824
509.15 0.7797677
509.23 0.8008943
509.26 0.8356943
509.27 0.8739908
509.31 0.80797
509.39 0.7837852
511.31 0.785287
514.51 0.8780685
514.91 0.9100344
514.97 0.9411113
514.99 0.9844176
515.03 0.9304752
515.19 0.9080649
516.47 0.9569696
517.11 0.9984609
517.27 1.027742
517.35 1.07616
517.39 1.146021
517.41 1.224182
517.42 1.296376
517.43 1.470643
517.44 1.304652
517.45 1.230314
517.47 1.151745
517.51 1.084396
517.59 1.042322
517.91 1.028967
519.19 1.091651
519.83 1.148003
519.99 1.204472
520.03 1.243462
520.07 1.322099
520.09 1.399028
520.1 1.457818
520.11 1.541004
520.12 1.669357
520.13 1.909822
520.14 1.895571
520.15 1.664314
520.16 1.539847
520.17 1.459191
520.19 1.360549
520.21 1.303994
520.25 1.244873
520.33 1.202796
520.49 1.182632
521.13 1.207256
521.77 1.259219
521.93 1.302523
521.97 1.334956
522.01 1.411336
522.03 1.507855
522.04 1.6127
522.05 1.651666
522.06 1.52744
522.07 1.463897
522.09 1.395652
522.13 1.338465
522.21 1.305796
522.53 1.307298
522.85 1.335639
523.09 1.382763
523.17 1.427355
523.21 1.473651
523.23 1.511899
523.25 1.570254
523.27 1.667639
523.28 1.744245
523.29 1.857132
523.3 2.047445
523.31 2.359148
523.32 1.992787
523.33 1.829895
523.34 1.729879
523.36 1.611674
523.38 1.545996
523.42 1.480685
523.46 1.455004
523.5 1.455248
523.52 1.472953
523.53 1.501888
523.55 1.45655
523.59 1.425937
523.75 1.407633
525.03 1.500996
526.95 1.703312
527.35 1.770107
527.39 1.798551
527.47 1.778603
528.11 1.833786
529.39 2.000021
529.55 2.030171
529.63 2.062185
529.67 2.118218
529.68 2.164104
529.71 2.100914
529.75 2.074573
529.91 2.077061
530.55 2.176122
531.03 2.264134
531.07 2.293835
531.15 2.27899
532.43 2.510882
533.71 2.794213
534.03 2.878825
534.19 2.94877
534.23 2.994488
534.25 3.041526
534.26 3.083393
534.27 3.16537
534.29 3.073915
534.31 3.025403
534.35 2.994402
534.51 3.002521
535.15 3.171325
535.79 3.378417
535.87 3.432141
535.89 3.459934
535.91 3.51328
535.92 3.577635
535.94 3.507371
535.98 3.464152
536.06 3.464849
536.7 3.672687
537.34 3.916289
538.38 4.363772
539.02 4.6862
539.18 4.782898
539.26 4.847355
539.3 4.896478
539.34 4.99052
539.35 5.034463
539.36 5.101629
539.37 5.234912
539.39 5.0854
539.41 5.01575
539.45 4.974854
539.53 4.982337
539.85 5.148598
540.25 5.405546
540.33 5.487679
540.36 5.54688
540.38 5.522371
540.46 5.543277
540.78 5.752449
541.42 6.234809
542.06 6.784075
542.54 7.253406
542.58 7.31929
542.62 7.335241
542.94 7.669625
543.26 8.036215
543.58 8.434522
543.9 8.857036
544.22 9.319011
544.54 9.826986
544.64 10.0
569.88 10.0
570.0 9.876809
570.04 9.865776
570.06 9.881527
570.08 9.934802
570.09 9.999135
570.1 10.0
570.12 9.850898
570.14 9.759935
570.18 9.640009
570.26 9.487839
570.42 9.256292
570.58 9.052281
570.74 8.867984
570.82 8.794115
570.9 8.764198
570.94 8.809
570.96 8.880448
570.97 8.94424
570.98 9.044507
570.99 9.222327
571.0 9.618624
571.01 9.168212
571.02 8.981436
571.03 8.864017
571.05 8.716741
571.07 8.624469
571.11 8.507189
571.19 8.362889
571.35 8.158168
571.67 7.813556
571.99 7.499786
572.31 7.207763
572.63 6.939619
572.79 6.835921
572.83 6.83568
572.86 6.88124
572.88 6.974674
572.89 6.878724
572.91 6.795888
572.95 6.717136
573.03 6.628276
573.35 6.378654
573.51 6.284901
573.57 6.293893
573.59 6.338379
573.6 6.406403
573.62 6.299052
573.64 6.237438
573.68 6.17273
573.84 6.035305
574.32 5.724074
574.48 5.645682
574.52 5.651045
574.53 5.66341
574.54 5.704032
574.55 5.653608
574.59 5.584819
574.75 5.468543
575.39 5.117535
576.03 4.812165
576.35 4.693239
576.43 4.689897
576.47 4.721239
576.49 4.766042
576.5 4.808175
576.51 4.88597
576.52 4.878459
576.53 4.793446
576.55 4.707887
576.59 4.627759
576.67 4.554023
576.99 4.399483
577.31 4.277037
577.55 4.207133
577.58 4.222865
577.6 4.190865
577.92 4.050311
578.56 3.820612
579.84 3.43497
581.12 3.114779
581.76 2.986323
581.92 2.97069
582.04 2.997347
582.08 3.045221
582.1 3.092564
582.12 3.182012
582.13 3.263052
582.14 3.413335
582.15 3.375558
582.16 3.240529
582.17 3.162737
582.19 3.072395
582.23 2.987212
582.27 2.953475
582.31 2.963688
582.33 2.925168
582.41 2.871803
582.73 2.786008
583.21 2.693922
583.37 2.686823
583.43 2.721972
583.45 2.76209
583.46 2.800852
583.47 2.877634
583.48 2.875803
583.49 2.795423
583.51 2.725471
583.55 2.66946
583.63 2.627448
584.27 2.501617
585.55 2.306596
586.83 2.138301
588.11 1.989201
589.07 1.898501
589.11 1.908755
589.19 1.881743
589.83 1.818573
590.23 1.795631
590.31 1.824824
590.34 1.896818
590.35 1.849556
590.39 1.797378
590.55 1.760193
590.87 1.737881
590.95 1.745866
590.99 1.771183
591.0 1.790541
591.04 1.749765
591.12 1.729588
591.2 1.74493
591.22 1.763725
591.24 1.811787
591.25 1.868049
591.26 1.800885
591.28 1.754475
591.32 1.720106
591.48 1.68416
592.12 1.631438
592.44 1.621688
592.52 1.634543
592.56 1.656724
592.6 1.722229
592.61 1.759366
592.62 1.822179
592.63 1.98228
592.64 1.834552
592.65 1.763894
592.67 1.694974
592.71 1.638724
592.79 1.601181
593.43 1.537251
594.71 1.468666
594.87 1.476184
594.95 1.497344
594.99 1.523541
595.03 1.581856
595.06 1.688567
595.07 1.759771
595.08 1.915171
595.09 1.776599
595.1 1.695044
595.12 1.606415
595.16 1.526247
595.24 1.46898
595.4 1.433379
596.68 1.356051
597.96 1.311989
599.24 1.301158
599.88 1.317092
599.96 1.360265
599.98 1.413336
599.99 1.370873
600.03 1.32266
600.19 1.286766
601.47 1.187196
602.11 1.155269
602.59 1.152588
602.67 1.178593
602.71 1.152742
603.35 1.097967
605.91 1.012088
607.75 0.9829199
607.83 1.009806
607.85 1.047116
607.87 1.006208
607.95 0.9794826
609.23 0.9616469
609.55 0.9813014
609.63 1.010948
609.67 1.05193
609.69 1.093765
609.71 1.175416
609.72 1.256503
609.73 1.464193
609.74 1.270413
609.75 1.183679
609.77 1.099248
609.81 1.032235
609.89 0.9944552
610.05 0.9931317
610.17 1.03481
610.21 1.078509
610.23 1.119959
610.25 1.199452
610.26 1.291972
610.28 1.225861
610.3 1.229307
610.32 1.291352
610.33 1.349782
610.34 1.437974
610.35 1.579489
610.36 1.851371
610.37 1.863631
610.38 1.57655
610.39 1.425133
610.4 1.327569
610.42 1.208302
610.44 1.139468
610.48 1.066021
610.56 1.007778
610.72 0.9755063
611.04 0.9810502
611.16 1.025387
611.2 1.071116
611.22 1.112964
611.24 1.183218
611.25 1.238697
611.26 1.321281
611.27 1.464341
611.28 1.542708
611.29 1.358389
611.3 1.261582
611.32 1.154358
611.34 1.095703
611.38 1.035415
611.46 0.9896586
611.78 0.9572512
613.06 0.967678
614.34 1.018863
614.66 1.058362
614.7 1.077592
614.73 1.120457
614.75 1.123463
614.77 1.167775
614.78 1.225673
614.79 1.211607
614.8 1.16054
614.82 1.116291
614.86 1.084603
615.02 1.070951
615.66 1.136045
615.98 1.175464
616.22 1.231648
616.26 1.261798
616.28 1.308841
616.3 1.2728
616.38 1.253678
616.7 1.312958
617.18 1.455611
617.28 1.517229
617.3 1.561066
617.34 1.53332
617.5 1.575774
617.82 1.727897
618.14 1.928281
618.46 2.189659
618.62 2.349568
618.78 2.533058
618.94 2.744143
619.1 2.984633
619.26 3.259575
619.42 3.571822
619.58 3.9229
619.74 4.309941
620.22 5.591037
620.38 5.983365
620.54 6.337036
620.58 6.438777
620.62 6.575876
620.64 6.676824
620.66 6.82883
620.67 6.944921
620.69 7.311823
620.7 7.799287
620.71 7.165548
620.72 6.984163
620.73 6.885899
620.74 6.825219
620.76 6.765348
620.78 6.769794
620.79 6.800471
620.8 6.859979
620.81 6.970361
620.82 7.200949
620.83 7.234802
620.84 6.92527
620.85 6.756542
620.86 6.642064
620.88 6.488323
620.9 6.38428
620.94 6.23431
621.58 4.503453
621.74 4.097655
621.9 3.725329
622.06 3.391806
622.22 3.09641
622.38 2.835387
622.54 2.607179
622.7 2.407543
622.86 2.233239
623.18 1.948745
623.34 1.835579
623.5 1.748972
623.58 1.733921
623.62 1.754024
623.64 1.784854
623.66 1.850315
623.67 1.912034
623.69 2.143149
623.7 1.950218
623.71 1.856274
623.73 1.75286
623.77 1.654539
623.85 1.566779
624.01 1.472333
624.33 1.342044
624.65 1.241846
624.97 1.161963
625.29 1.112855
625.33 1.122899
625.36 1.157465
625.37 1.199308
625.39 1.135943
625.43 1.094608
625.59 1.045937
626.23 0.9529075
626.87 0.8921156
627.51 0.8632351
627.67 0.8725122
627.73 0.8916808
627.75 0.9270353
627.79 0.8804458
627.95 0.8396552
628.59 0.7783281
629.87 0.7163739
631.79 0.6694028
632.03 0.6888574
632.11 0.7396547
632.13 0.7745986
632.15 0.8397288
632.16 0.8983397
632.17 1.004879
632.18 1.080171
632.19 0.9305448
632.2 0.8582852
632.22 0.7822355
632.26 0.7184548
632.34 0.6778303
632.66 0.6487803
632.98 0.6414894
633.3 0.6536365
633.34 0.6837562
633.35 0.7108779
633.39 0.6590607
633.55 0.6345975
634.19 0.6387399
634.27 0.6526062
634.35 0.6911054
634.39 0.7369449
634.41 0.7821862
634.43 0.8623761
634.44 0.9296286
634.45 1.037907
634.46 1.274724
634.47 1.091004
634.48 0.9605972
634.49 0.8856689
634.51 0.8051382
634.52 0.7931688
634.54 0.7330979
634.58 0.6830974
634.66 0.6449612
634.98 0.6131391
638.18 0.5757182
638.66 0.5964317
638.78 0.6398442
638.82 0.6828699
638.84 0.7213457
638.86 0.7842767
638.87 0.8324212
638.88 0.9007515
638.89 1.007351
638.9 1.215136
638.91 1.113586
638.92 0.959754
638.93 0.8711063
638.95 0.7688204
638.97 0.7116306
639.01 0.6521971
639.09 0.6060008
639.41 0.5723078
639.97 0.5760832
640.05 0.6113556
640.08 0.6728634
640.09 0.7401284
640.11 0.6549256
640.15 0.5984822
640.23 0.5754497
640.29 0.5809279
640.31 0.6050872
640.33 0.5783648
640.65 0.5557911
641.29 0.552812
641.49 0.5671007
641.53 0.5949097
641.61 0.5608529
641.93 0.5572927
642.17 0.5879082
642.25 0.6391749
642.29 0.709436
642.31 0.7809803
642.32 0.8371111
642.33 0.9193783
642.34 1.056002
642.35 1.383415
642.36 1.045364
642.37 0.913271
642.38 0.8328497
642.4 0.7374174
642.42 0.683339
642.46 0.626501
642.54 0.5824133
642.86 0.5489516
644.14 0.5397044
644.46 0.5511528
644.62 0.5759481
644.7 0.6200803
644.74 0.6756685
644.76 0.7273695
644.78 0.8178941
644.79 0.8953041
644.8 1.029594
644.81 1.026638
644.82 0.8939506
644.83 0.8172704
644.85 0.7275065
644.89 0.6417305
644.97 0.5818979
645.13 0.5517235
645.45 0.5441514
645.61 0.5651761
645.65 0.6023709
645.66 0.6280104
645.67 0.697773
645.68 0.6290899
645.7 0.5871058
645.78 0.5493971
647.06 0.5290518
647.38 0.5342156
647.62 0.5593281
647.7 0.5916802
647.74 0.6273451
647.78 0.7049266
647.8 0.783431
647.81 0.8446977
647.82 0.933909
647.83 1.08047
647.84 1.446306
647.85 1.077563
647.86 0.932058
647.87 0.8432098
647.89 0.7373832
647.91 0.6771433
647.95 0.6135649
648.03 0.5645671
648.19 0.5349374
649.47 0.5151998
650.43 0.5207689
650.67 0.5467501
650.71 0.5781433
650.73 0.6326229
650.75 0.5875521
650.79 0.5514775
650.95 0.5340097
651.11 0.5416899
651.27 0.5745859
651.35 0.6254765
651.39 0.6836032
651.41 0.7331598
651.43 0.811449
651.44 0.869471
651.45 0.9493086
651.46 1.067818
651.47 1.274725
651.48 1.336861
651.49 1.121326
651.5 1.013772
651.51 0.9528159
651.52 0.9207588
651.53 0.9124195
651.54 0.9278137
651.55 0.9837068
651.56 1.017457
651.57 0.8909819
651.58 0.8191971
651.6 0.7332798
651.64 0.6486682
651.72 0.5846418
652.0 0.5384239
652.64 0.5431303
652.8 0.5614826
652.84 0.5781147
652.92 0.5534543
653.24 0.5471709
653.56 0.5837032
653.64 0.6297457
653.68 0.6847377
653.7 0.7334221
653.72 0.8124806
653.73 0.8726633
653.74 0.9578803
653.75 1.090839
653.76 1.353586
653.78 1.015322
653.79 0.9115019
653.81 0.7900419
653.83 0.7215968
653.87 0.6502188
653.95 0.5966734
654.11 0.5729531
654.27 0.5769994
654.43 0.6010537
654.51 0.6286778
654.59 0.6871952
654.63 0.7494014
654.65 0.8013149
654.67 0.8822994
654.68 0.9422986
654.69 1.025541
654.7 1.152332
654.71 1.391982
654.72 1.309236
654.73 1.139326
654.74 1.049782
654.75 0.996652
654.77 0.9494562
654.79 0.9541602
654.81 1.007634
654.82 1.059241
654.83 1.13764
654.84 1.264365
654.85 1.515657
654.86 1.392565
654.87 1.212833
654.88 1.113003
654.89 1.050163
654.91 0.9841279
654.93 0.9674154
654.95 0.9899714
654.97 1.060948
654.98 1.125775
654.99 1.228041
655.0 1.417132
655.01 1.441048
655.02 1.261818
655.03 1.175787
655.04 1.130001
655.06 1.107307
655.08 1.156509
655.09 1.212619
655.1 1.301003
655.11 1.447877
655.12 1.806194
655.13 1.488866
655.14 1.366668
655.15 1.309723
655.16 1.292602
655.17 1.309098
655.18 1.362779
655.19 1.471337
655.2 1.701763
655.21 1.611782
655.22 1.427947
655.23 1.334551
655.24 1.28969
655.25 1.281291
655.26 1.309294
655.27 1.384765
655.28 1.545886
655.29 2.03243
655.3 1.51053
655.31 1.296867
655.32 1.166886
655.33 1.077232
655.35 0.9617953
655.37 0.8925671
655.41 0.8202958
655.45 0.794452
655.49 0.8009608
655.53 0.8484136
655.55 0.9001304
655.57 0.9907601
655.58 1.063329
655.59 1.171677
655.6 1.36019
655.61 1.439602
655.62 1.212378
655.63 1.091862
655.64 1.01431
655.66 0.9209708
655.68 0.8707319
655.72 0.8328019
655.76 0.8449746
655.8 0.908761
655.82 0.9732536
655.84 1.08138
655.85 1.165932
655.86 1.292263
655.87 1.524915
655.89 1.299085
655.9 1.243606
655.91 1.224991
655.92 1.234777
655.93 1.272141
655.94 1.343356
655.95 1.468953
655.96 1.726738
655.97 1.588021
655.98 1.48023
655.99 1.466746
656.0 1.556846
656.01 1.544589
656.02 1.328562
656.03 1.207901
656.04 1.127622
656.06 1.029393
656.08 0.9775101
656.1 0.9535153
656.12 0.9509967
656.14 0.9695544
656.16 1.013267
656.18 1.09421
656.19 1.156816
656.2 1.24352
656.21 1.37122
656.22 1.590462
656.23 1.595025
656.24 1.542558
656.25 1.635389
656.27 1.327473
656.28 1.233305
656.29 1.171655
656.31 1.106676
656.33 1.097895
656.35 1.144217
656.36 1.195038
656.37 1.277601
656.38 1.427514
656.39 1.42371
656.4 1.360275
656.41 1.37522
656.42 1.510507
656.43 1.329666
656.44 1.26847
656.45 1.259469
656.46 1.322205
656.47 1.238781
656.48 1.180286
656.49 1.070454
656.51 0.9447268
656.53 0.8686453
656.57 0.7803094
656.65 0.7002994
656.81 0.6443121
657.13 0.6233277
657.29 0.6269777
657.45 0.6561675
657.49 0.6958602
657.5 0.719284
657.51 0.7640513
657.52 0.7658556
657.53 0.7211033
657.55 0.6838627
657.63 0.6488692
657.87 0.6648341
657.95 0.7090251
657.99 0.777543
658.01 0.8577782
658.02 0.9173188
658.03 1.027817
658.04 1.203697
658.05 0.9879035
658.06 0.8931709
658.08 0.7957309
658.1 0.7451651
658.14 0.6951038
658.22 0.657885
658.54 0.6264908
658.7 0.6209054
658.78 0.6381341
658.81 0.6818154
658.82 0.6810112
658.84 0.6427292
658.92 0.6089018
659.56 0.5633601
660.84 0.5239409
661.16 0.52624
661.32 0.5480198
661.36 0.5670755
661.4 0.6098485
661.42 0.6549237
661.44 0.7462434
661.45 0.8428277
661.46 0.9772551
661.47 0.8020214
661.48 0.724039
661.5 0.644076
661.54 0.578174
661.62 0.5372446
661.94 0.5092777
662.58 0.4998691
662.82 0.5112575
663.14 0.4960358
664.5 0.5032924
665.14 0.5015225
665.3 0.504814
665.46 0.5282193
665.54 0.5552716
665.58 0.5896143
665.62 0.6640446
665.64 0.7402212
665.65 0.8005397
665.66 0.8902436
665.68 1.201225
665.69 0.9630182
665.7 0.847588
665.71 0.7728864
665.73 0.6834396
665.77 0.6015979
665.83 0.5655397
665.85 0.5815695
665.89 0.5384061
666.05 0.5093413
666.29 0.5160822
666.37 0.508197
666.53 0.5416338
666.59 0.6092136
666.61 0.6765787
666.62 0.7448634
666.63 0.9154508
666.64 0.7672415
666.65 0.6920252
666.67 0.6147657
666.71 0.5581883
666.77 0.5499708
666.81 0.5211095
666.97 0.499475
669.29 0.4944757
669.61 0.5220266
669.69 0.5446723
669.73 0.5706666
669.77 0.6211103
669.79 0.6665482
669.81 0.7414496
669.82 0.7990907
669.83 0.8807896
669.84 1.005899
669.85 1.232373
669.86 1.412533
669.87 1.083689
669.88 0.9271694
669.89 0.8304076
669.91 0.7157687
669.93 0.6515226
669.97 0.5848862
670.05 0.5343317
670.21 0.507538
670.85 0.4946548
671.33 0.5100594
671.49 0.5418503
671.57 0.5969872
671.61 0.6680057
671.63 0.7361186
671.64 0.7875971
671.65 0.8607528
671.66 0.9772057
671.67 1.190987
671.68 0.9562919
671.69 0.8517049
671.71 0.7389428
671.73 0.6799978
671.77 0.6364624
671.79 0.6504365
671.8 0.6842652
671.81 0.6710564
671.83 0.604723
671.87 0.5602297
672.03 0.5160787
672.35 0.5057682
672.51 0.5153672
672.53 0.5320785
672.57 0.513819
672.73 0.5272451
672.77 0.5609451
672.78 0.5824376
672.79 0.6262736
672.8 0.6199022
672.82 0.5584545
672.86 0.5242546
673.02 0.5016248
673.66 0.5014197
673.82 0.5283801
673.86 0.5581169
673.88 0.5902376
673.9 0.6595468
673.91 0.7444565
673.92 0.7283026
673.93 0.6525474
673.95 0.5874258
673.99 0.5389202
674.07 0.5108955
674.71 0.493802
675.67 0.4972762
675.99 0.5194365
676.03 0.5429577
676.05 0.5743616
676.06 0.6150353
676.08 0.560111
676.12 0.5251036
676.28 0.5029803
677.08 0.5161393
677.12 0.5319462
677.14 0.5655454
677.18 0.5241244
677.5 0.5119628
677.82 0.5262653
677.9 0.5451961
677.91 0.5612815
677.95 0.5350063
678.59 0.5095787
683.39 0.5236748
683.55 0.547149
683.59 0.5735963
683.62 0.6301668
683.63 0.6769459
683.64 0.7684065
683.65 0.6651294
683.67 0.6001191
683.71 0.5571595
683.87 0.5285444
684.03 0.527024
684.19 0.5462745
684.23 0.5835169
684.24 0.6151991
684.28 0.5551827
684.44 0.5266673
689.56 0.5522534
691.16 0.5813747
691.32 0.601861
691.36 0.6341136
691.4 0.6062643
691.46 0.6131488
691.62 0.6024125
691.66 0.6233519
691.74 0.5988948
692.06 0.6115874
692.22 0.6467132
692.26 0.6752344
692.3 0.7338971
692.32 0.7905527
692.34 0.8922885
692.35 0.9800151
692.36 1.129587
692.37 1.356192
692.38 1.077059
692.39 0.9513752
692.4 0.8737447
692.42 0.7812088
692.46 0.6956905
692.54 0.6377403
692.7 0.6094171
693.02 0.6041638
693.26 0.6302167
693.34 0.6662186
693.38 0.7067526
693.42 0.7909847
693.44 0.875286
693.45 0.9418108
693.46 1.042103
693.47 1.22389
693.48 1.162284
693.49 1.011184
693.5 0.9218555
693.52 0.8161741
693.54 0.7553485
693.58 0.6901764
693.66 0.6384497
693.82 0.6088911
694.46 0.6046244
694.62 0.6283935
694.66 0.6475238
694.7 0.6892339
694.72 0.7324387
694.74 0.8178849
694.75 0.9035466
694.76 1.116294
694.77 0.9277524
694.78 0.8308242
694.8 0.7384717
694.84 0.666467
694.92 0.6243202
695.24 0.6026871
695.96 0.6165425
696.04 0.6441192
696.06 0.6659013
696.08 0.7179729
696.09 0.8090095
696.1 0.7217742
696.12 0.6675103
696.16 0.6334918
696.32 0.6114698
698.8 0.6377796
698.92 0.6565733
698.96 0.6883489
698.97 0.7097766
698.98 0.7662359
698.99 0.7138976
699.01 0.6777738
699.09 0.6472656
699.73 0.6457977
700.37 0.6638215
700.61 0.6900875
700.73 0.746492
700.77 0.7998588
700.79 0.8493055
700.81 0.9326605
700.82 0.9983017
700.83 1.093934
700.84 1.248649
700.85 1.572945
700.86 1.407531
700.87 1.178082
700.88 1.05263
700.89 0.9711762
700.91 0.8718985
700.93 0.8151683
700.97 0.7556956
701.05 0.7111554
701.21 0.6945641
701.29 0.7057778
701.33 0.7273801
701.35 0.7544856
701.36 0.7839773
701.37 0.7808173
701.39 0.7410764
701.43 0.7221095
701.47 0.7329762
701.49 0.75743
701.51 0.825192
701.52 0.7709115
701.54 0.7322603
701.62 0.6944052
702.26 0.6886899
702.9 0.7163711
702.98 0.7391588
702.99 0.7524509
703.01 0.7301909
703.33 0.7104776
705.89 0.7427397
707.97 0.7966878
708.09 0.8192743
708.13 0.8627366
708.14 0.902851
708.16 0.856352
708.2 0.8216022
708.36 0.8067817
709.0 0.821924
709.56 0.8583073
709.62 0.9007651
709.64 0.9497739
709.66 0.8954033
709.74 0.8599972
710.38 0.8729233
711.02 0.9054631
711.42 0.9470178
711.46 0.9711682
711.48 1.002948
711.49 1.041578
711.5 1.044229
711.51 1.005754
711.55 0.9635064
711.71 0.9521603
712.35 1.00512
712.99 1.095583
713.31 1.165562
713.63 1.264998
713.95 1.417852
714.11 1.52726
714.27 1.67187
714.43 1.864287
714.51 1.985666
714.59 2.130253
714.67 2.30236
714.75 2.510578
714.83 2.764852
714.91 3.079642
714.95 3.265964
714.99 3.476125
715.03 3.714809
715.07 3.987999
715.11 4.303846
715.15 4.674836
715.17 4.88349
715.19 5.113294
715.21 5.367382
715.23 5.650566
715.25 5.969638
715.27 6.334528
715.29 6.760472
715.3 7.003628
715.31 7.272788
715.32 7.574499
715.33 7.918206
715.34 8.318192
715.35 8.797387
715.37 10.0
715.41 10.0
715.42 9.829641
715.43 9.130791
715.44 8.589525
715.45 8.147765
715.46 7.774219
715.47 7.450225
715.48 7.163841
715.49 6.907009
715.51 6.460694
715.53 6.081441
715.55 5.751741
715.57 5.460416
715.59 5.199874
715.61 4.964699
715.65 4.555292
715.69 4.209663
715.73 3.913369
715.77 3.656492
715.81 3.4317
715.85 3.233459
715.93 2.901242
716.01 2.635459
716.09 2.419754
716.17 2.242706
716.25 2.096042
716.41 1.870758
716.57 1.710138
716.73 1.597051
716.81 1.572944
716.83 1.587434
716.85 1.547576
716.93 1.490547
717.25 1.376582
717.57 1.313864
717.89 1.283905
718.05 1.288374
718.17 1.330141
718.21 1.377337
718.23 1.421284
718.25 1.496332
718.27 1.630615
718.28 1.753272
718.29 1.985465
718.3 2.081391
718.31 1.795835
718.32 1.657366
718.33 1.573105
718.34 1.518436
718.35 1.485817
718.36 1.473711
718.37 1.422448
718.39 1.370413
718.43 1.318773
718.51 1.276536
718.83 1.242015
719.47 1.254663
719.63 1.28883
719.67 1.312116
719.71 1.356603
719.73 1.396637
719.75 1.46303
719.76 1.514668
719.77 1.589274
719.78 1.709167
719.79 1.960924
719.81 1.637925
719.82 1.547102
719.84 1.443933
719.86 1.387552
719.9 1.330407
719.98 1.288893
720.3 1.268595
721.58 1.322214
722.86 1.412579
723.18 1.473839
723.26 1.527807
723.3 1.588737
723.32 1.641683
723.34 1.726896
723.35 1.792403
723.36 1.887441
723.37 2.045183
723.38 2.167197
723.39 1.948936
723.4 1.83366
723.41 1.758432
723.43 1.664485
723.47 1.573336
723.55 1.510618
723.71 1.485782
724.35 1.518725
725.63 1.634147
726.43 1.724207
726.59 1.765148
726.63 1.807356
726.64 1.836966
726.68 1.786039
726.76 1.769506
726.92 1.780855
727.08 1.818031
727.24 1.81971
727.88 1.911138
728.05 1.959353
728.06 1.992261
728.07 1.961344
728.23 1.96114
728.87 2.038012
729.91 2.214464
729.99 2.262627
730.0 2.282712
730.01 2.333224
730.02 2.291362
730.06 2.2541
730.22 2.266629
730.86 2.406694
731.02 2.457594
731.14 2.517274
731.18 2.574367
731.19 2.593201
731.21 2.549911
731.29 2.52607
731.61 2.554061
732.25 2.681463
732.89 2.838422
733.53 3.016961
734.17 3.232655
734.29 3.3088
734.33 3.362631
734.35 3.409628
734.37 3.492591
734.38 3.569308
734.39 3.73157
734.4 3.567285
734.41 3.501179
734.43 3.434473
734.47 3.385165
734.55 3.372538
734.71 3.41095
734.87 3.470613
734.95 3.517649
734.99 3.574823
735.0 3.613589
735.04 3.56133
735.12 3.563556
735.76 3.810555
736.4 4.108217
736.46 4.151735
736.48 4.190294
736.52 4.174566
736.84 4.325694
737.48 4.685847
738.12 5.09723
738.76 5.568991
739.08 5.83169
739.4 6.115812
739.72 6.425
740.04 6.769217
740.2 6.982303
740.24 7.054442
740.28 7.150282
740.3 7.216603
740.32 7.307951
740.34 7.449913
740.35 7.561517
740.36 7.740107
740.37 7.884571
740.38 7.660791
740.39 7.548611
740.4 7.479458
740.42 7.401662
740.44 7.364938
740.48 7.34623
740.56 7.38836
740.72 7.554736
741.04 7.963006
741.36 8.421785
741.68 8.923039
742.0 9.475979
742.16 9.777358
742.26 10.0
762.26 10.0
762.28 9.98632
762.6 9.431554
762.92 8.926428
763.24 8.463623
763.56 8.038662
763.88 7.648571
764.2 7.287673
764.52 6.955877
764.84 6.651529
765.04 6.490059
765.08 6.485319
765.09 6.4975
765.1 6.540933
765.12 6.456104
765.16 6.38777
765.32 6.236176
765.64 5.982956
765.96 5.75635
766.12 5.670737
766.2 5.66612
766.24 5.710204
766.26 5.770902
766.27 5.823554
766.28 5.905083
766.29 6.046785
766.3 6.39932
766.31 6.093738
766.32 5.910338
766.33 5.804298
766.35 5.679919
766.37 5.607174
766.41 5.52158
766.49 5.427178
766.65 5.307299
766.97 5.111472
767.29 4.939448
767.61 4.794671
767.65 4.792955
767.68 4.81288
767.7 4.770929
767.78 4.710914
768.1 4.568127
768.3 4.503923
768.46 4.43113
769.1 4.232166
769.74 4.100637
770.06 4.067103
770.38 4.060403
770.7 4.090627
771.02 4.16978
771.18 4.234364
771.34 4.31841
771.5 4.429414
771.66 4.573867
771.82 4.75796
771.98 4.995605
772.06 5.13909
772.14 5.302784
772.22 5.490341
772.3 5.702659
772.38 5.948132
772.46 6.228035
772.54 6.552863
772.62 6.928071
772.7 7.365138
772.74 7.610443
772.78 7.875925
772.82 8.164011
772.86 8.476068
772.9 8.815063
772.94 9.183602
772.98 9.586055
773.01 9.912255
773.02 10.0
774.63 10.0
774.64 9.946718
774.68 9.471825
774.72 9.036146
774.76 8.635637
774.8 8.266715
774.84 7.926264
774.88 7.611555
774.92 7.320145
775.0 6.798777
775.08 6.347537
775.16 5.954743
775.24 5.611003
775.32 5.309073
775.4 5.041392
775.48 4.803842
775.56 4.592335
775.72 4.234116
775.88 3.946876
776.04 3.72701
776.12 3.65634
776.16 3.644863
776.2 3.673692
776.22 3.72233
776.24 3.824341
776.25 3.917556
776.26 4.078922
776.27 4.264543
776.28 3.977186
776.29 3.827652
776.3 3.72757
776.32 3.595659
776.34 3.509394
776.38 3.397845
776.46 3.264751
776.58 3.139914
776.63 3.130217
776.65 3.085629
776.73 3.004382
776.89 2.887525
777.09 2.783357
777.15 2.793743
777.19 2.731011
777.35 2.632188
777.67 2.493001
778.15 2.344587
778.19 2.357683
778.23 2.321376
778.55 2.216651
779.19 2.068225
779.51 2.025887
779.59 2.040166
779.63 2.068808
779.65 2.097846
779.67 2.148662
779.69 2.248424
779.7 2.343071
779.71 2.530698
779.72 2.504035
779.73 2.327043
779.74 2.233178
779.76 2.12966
779.78 2.073125
779.82 2.013403
779.9 1.961372
780.22 1.883358
781.5 1.7105
781.82 1.679969
782.14 1.670094
782.22 1.682107
782.3 1.719791
782.34 1.765106
782.38 1.861529
782.4 1.956131
782.41 2.028371
782.42 2.132085
782.43 2.299869
782.44 2.504636
782.45 2.228145
782.46 2.087287
782.47 1.995048
782.49 1.878657
782.51 1.806614
782.55 1.725011
782.63 1.653157
782.79 1.599647
783.35 1.537808
783.51 1.525576
783.59 1.536388
783.63 1.564013
783.65 1.612188
783.66 1.698172
783.67 1.616133
783.69 1.560793
783.73 1.524514
783.89 1.490509
784.37 1.469221
784.53 1.503643
784.57 1.533056
784.61 1.591346
784.63 1.643944
784.65 1.729986
784.66 1.795706
784.67 1.889122
784.68 2.036078
784.69 2.346432
784.7 2.092972
784.71 1.919802
784.72 1.813908
784.74 1.686369
784.76 1.612212
784.8 1.531575
784.88 1.464309
785.04 1.417809
785.52 1.380392
785.6 1.397962
785.64 1.442208
785.66 1.498007
785.67 1.466559
785.69 1.470302
785.71 1.412836
785.75 1.378975
785.91 1.345032
788.47 1.197326
788.87 1.191084
789.51 1.150868
791.11 1.106241
791.27 1.126884
791.29 1.145737
791.33 1.117188
791.65 1.079363
791.97 1.064331
792.21 1.071858
792.25 1.101437
792.26 1.129015
792.3 1.077039
792.46 1.049034
792.94 1.054015
793.02 1.083296
793.04 1.105405
793.06 1.153964
793.08 1.11802
793.12 1.129791
793.14 1.155648
793.16 1.202249
793.18 1.290159
793.19 1.366471
793.2 1.492443
793.21 1.765227
793.22 1.625091
793.23 1.432467
793.24 1.329076
793.25 1.262553
793.27 1.182039
793.31 1.108022
793.39 1.060282
793.55 1.021133
794.51 0.9792827
794.65 0.9932244
794.67 0.9998384
794.75 0.9742032
797.31 0.9069475
798.59 0.8903644
798.67 0.9048578
798.71 0.9290135
798.73 0.956734
798.75 1.022171
798.76 1.123653
798.77 1.039459
798.78 0.9892638
798.8 0.9428947
798.84 0.9068484
799.0 0.8769059
799.32 0.8699304
799.38 0.8933409
799.46 0.8656501
800.0 0.8493692
