50.0 0.1388386
51.28 0.2090624
51.92 0.2799821
52.0 0.296345
52.02 0.3177848
52.06 0.3036173
52.38 0.3621341
52.53 0.4203677
52.54 0.452387
52.56 0.4243293
52.72 0.451803
52.96 0.5481625
53.04 0.6122554
53.06 0.6667268
53.07 0.7089266
53.08 0.6534259
53.12 0.6339174
53.28 0.6925748
53.44 0.8048893
53.52 0.8930486
53.56 0.965469
53.58 1.03855
53.59 1.133938
53.6 1.176163
53.61 1.073761
53.63 1.028328
53.67 1.017828
53.75 1.052722
53.83 1.117228
53.91 1.208762
53.99 1.334708
54.03 1.418225
54.07 1.530142
54.09 1.611355
54.1 1.667247
54.11 1.745485
54.12 1.881368
54.13 3.042774
54.14 1.916096
54.15 1.809708
54.16 1.759738
54.18 1.715069
54.22 1.698176
54.3 1.750576
54.38 1.86133
54.46 2.027559
54.5 2.137358
54.54 2.271288
54.58 2.441548
54.6 2.549776
54.62 2.687002
54.63 2.774817
54.64 2.885822
54.65 3.040963
54.66 3.292566
54.67 4.332188
54.68 3.440594
54.69 3.189368
54.7 3.070487
54.71 3.000093
54.73 2.924531
54.75 2.890821
54.79 2.880453
54.83 2.911292
54.87 2.971213
54.91 3.057586
54.95 3.166376
54.99 3.304721
55.03 3.476084
55.07 3.687977
55.11 3.956336
55.13 4.12229
55.15 4.322182
55.17 4.576897
55.18 4.73941
55.19 4.94529
55.2 5.2288
55.21 5.692741
55.22 7.410802
55.23 5.985929
55.24 5.502637
55.25 5.266168
55.26 5.121071
55.27 5.023598
55.29 4.905357
55.31 4.843712
55.33 4.814932
55.37 4.819061
55.41 4.882566
55.45 4.990038
55.49 5.144077
55.53 5.346986
55.57 5.604629
55.61 5.926825
55.63 6.11799
55.65 6.333604
55.67 6.580928
55.69 6.866849
55.71 7.206585
55.72 7.40831
55.73 7.64037
55.74 7.915656
55.75 8.256468
55.76 8.710934
55.77 9.403548
55.78 10.0
55.79 10.0
55.8 9.455428
55.81 8.977138
55.82 8.687661
55.83 8.493129
55.84 8.355149
55.85 8.254488
55.87 8.125518
55.89 8.060775
55.91 8.040187
55.93 8.053583
55.97 8.15778
55.99 8.245365
56.01 8.357197
56.03 8.49299
56.05 8.653483
56.07 8.84024
56.09 9.055623
56.11 9.30278
56.13 9.586544
56.15 9.911889
56.16 10.0
63.34 10.0
63.35 9.981617
63.39 9.855859
63.41 9.828478
63.43 9.833346
63.45 9.874289
63.48 10.0
63.61 10.0
63.63 9.396444
63.65 8.907621
63.67 8.512959
63.69 8.182864
63.71 7.898975
63.73 7.650543
63.75 7.431208
63.77 7.236645
63.81 6.910808
63.85 6.658082
63.89 6.471154
63.93 6.339368
63.97 6.269323
63.99 6.260702
64.01 6.272647
64.03 6.310828
64.05 6.385552
64.07 6.518772
64.08 6.621823
64.09 6.765763
64.1 6.978218
64.11 7.324635
64.12 8.053146
64.13 9.337436
64.14 7.492229
64.15 6.895078
64.16 6.528227
64.17 6.251381
64.18 6.034549
64.19 5.853849
64.21 5.559796
64.23 5.322214
64.25 5.12132
64.27 4.946732
64.31 4.655642
64.35 4.423126
64.39 4.237677
64.43 4.092123
64.47 3.980218
64.51 3.906234
64.55 3.864171
64.59 3.869817
64.61 3.904899
64.63 3.980981
64.64 4.046984
64.65 4.147962
64.66 4.316844
64.67 4.669817
64.68 5.974662
64.69 4.474592
64.7 4.119116
64.71 3.906706
64.72 3.753824
64.73 3.633199
64.75 3.445577
64.77 3.297896
64.81 3.067303
64.85 2.887519
64.89 2.740806
64.97 2.521073
65.05 2.378766
65.09 2.335747
65.13 2.316724
65.17 2.343181
65.19 2.400238
65.2 2.458259
65.21 2.569322
65.22 2.907751
65.23 2.765837
65.24 2.474138
65.25 2.337839
65.26 2.247213
65.28 2.122139
65.32 1.957952
65.36 1.838766
65.44 1.663305
65.52 1.535142
65.6 1.447036
65.68 1.398807
65.72 1.406172
65.74 1.440975
65.75 1.486866
65.76 1.627429
65.77 1.600825
65.78 1.447034
65.79 1.380463
65.81 1.303348
65.85 1.212115
65.93 1.094094
66.01 1.008685
66.17 0.8959408
66.25 0.8709551
66.27 0.8762251
66.29 0.9089872
66.3 1.025059
66.31 0.9193871
66.32 0.8689058
66.36 0.7974499
66.52 0.6772536
66.76 0.5802771
66.82 0.580701
66.84 0.6165465
66.85 0.5742059
66.93 0.5174631
67.25 0.4237815
67.36 0.4175463
67.37 0.4577757
67.38 0.4098284
67.54 0.3616025
67.86 0.312457
67.9 0.3228404
67.94 0.3020079
68.58 0.2368085
69.86 0.1676131
72.42 0.1049136
77.54 0.05994277
87.78 0.03581865
101.7 0.04516647
101.74 0.0581336
101.9 0.03832692
109.58 0.05996173
110.78 0.07490307
110.84 0.09860133
110.92 0.07279488
113.48 0.1100026
114.76 0.1684442
115.4 0.2233705
116.04 0.3178574
116.36 0.3926245
116.68 0.4995001
117.0 0.6588761
117.16 0.7691481
117.32 0.9091492
117.48 1.090055
117.64 1.328149
117.72 1.475929
117.8 1.64823
117.88 1.850412
117.96 2.089338
118.04 2.373947
118.12 2.716127
118.16 2.913654
118.2 3.132116
118.24 3.374633
118.28 3.645044
118.32 3.948286
118.36 4.292158
118.4 4.674136
118.44 5.112961
118.48 5.620495
118.5 5.905377
118.52 6.214896
118.54 6.552929
118.56 6.924453
118.58 7.336054
118.6 7.796745
118.62 8.319401
118.63 8.609652
118.64 8.923404
118.65 9.264958
118.67 10.0
118.83 10.0
118.84 9.656054
118.85 9.277518
118.86 8.932976
118.87 8.616615
118.88 8.324085
118.9 7.797605
118.92 7.333806
118.94 6.919612
118.96 6.545879
118.98 6.205935
119.0 5.894749
119.02 5.608439
119.06 5.098051
119.1 4.655991
119.14 4.26933
119.18 3.928352
119.22 3.625781
119.26 3.356434
119.3 3.113545
119.34 2.894019
119.42 2.516777
119.5 2.205121
119.58 1.944903
119.66 1.72574
119.74 1.539772
119.82 1.380916
119.98 1.126319
120.14 0.9341357
120.3 0.7862912
120.46 0.6705452
120.78 0.5044356
121.1 0.3938821
121.42 0.3170945
122.06 0.2208434
122.7 0.1656132
123.98 0.1159802
124.06 0.1310579
124.09 0.1566306
124.13 0.1227214
124.45 0.0977384
125.33 0.09034855
125.39 0.1185112
125.47 0.08711406
128.03 0.05693403
141.95 0.04672276
142.11 0.06042177
142.15 0.07868023
142.17 0.1064899
142.21 0.07201369
142.37 0.04790515
144.77 0.04683143
144.91 0.06488543
145.11 0.04599108
164.31 0.06968839
164.87 0.077663
164.95 0.1004504
165.03 0.07861658
165.67 0.08635841
165.75 0.1121982
165.78 0.1594466
165.82 0.1116383
165.9 0.08704962
168.46 0.08798914
173.58 0.1494194
175.42 0.2108856
176.7 0.2660364
177.98 0.3758092
178.62 0.463279
179.26 0.5876009
179.9 0.7717462
180.22 0.8972102
180.54 1.054122
180.86 1.251883
181.18 1.502472
181.5 1.820139
181.66 2.00875
181.82 2.219297
181.98 2.452573
182.3 2.983452
182.78 3.850515
182.94 4.101241
183.1 4.293151
183.26 4.41532
183.3 4.46844
183.31 4.625577
183.32 4.465121
183.36 4.404356
183.52 4.255497
183.68 4.044493
183.84 3.783945
184.16 3.210917
184.32 2.946943
184.36 2.906032
184.38 2.907395
184.4 2.833847
184.48 2.671231
184.64 2.41872
184.74 2.28965
184.9 2.064209
185.06 1.875064
185.38 1.557929
185.7 1.307236
186.02 1.108505
186.34 0.9504047
186.66 0.8234428
187.3 0.6364469
187.94 0.5091401
188.58 0.418995
189.86 0.3046271
191.14 0.238104
193.06 0.1825622
193.34 0.1911163
193.98 0.1654172
195.26 0.1554071
195.38 0.1799456
195.42 0.2300173
195.43 0.2829883
195.44 0.2319141
195.48 0.1796404
195.64 0.1526595
195.72 0.1685362
195.8 0.1472247
198.36 0.1201257
206.12 0.1079102
208.36 0.09796907
208.6 0.1198481
208.64 0.1617697
208.68 0.1220083
208.84 0.09944376
210.76 0.1051197
210.8 0.1172443
210.96 0.09551197
214.8 0.09706334
214.92 0.1154474
214.96 0.1475354
215.0 0.1118802
215.32 0.0933493
225.88 0.1074106
226.04 0.1262198
226.36 0.1052307
228.92 0.0985362
229.56 0.1096994
230.84 0.1019116
231.16 0.1156909
231.24 0.1475701
231.27 0.1973255
231.28 0.2472914
231.3 0.1793531
231.34 0.1354276
231.5 0.1071878
233.42 0.1095823
233.9 0.1339469
233.94 0.151617
234.1 0.1225592
235.38 0.109739
235.62 0.1366129
235.68 0.190222
235.7 0.2509574
235.71 0.3486146
235.72 0.2493947
235.74 0.1896919
235.78 0.146637
235.94 0.1138345
236.9 0.113178
237.06 0.1388715
237.1 0.1672101
237.12 0.1982594
237.14 0.2718288
237.15 0.2883673
237.16 0.2331721
237.18 0.1838279
237.22 0.1450753
237.38 0.1139624
238.66 0.1098911
238.98 0.130776
239.02 0.1462136
239.06 0.1851411
239.08 0.2362148
239.09 0.2961518
239.11 0.2237248
239.13 0.1800047
239.17 0.1449056
239.33 0.1171758
241.89 0.1162492
242.21 0.1383766
242.25 0.1551739
242.29 0.1983814
242.31 0.2588769
242.32 0.3138423
242.33 0.2466404
242.35 0.1936226
242.39 0.1534819
242.55 0.1216394
243.19 0.1187217
243.35 0.1372801
243.39 0.1556759
243.43 0.2005931
243.44 0.2269455
243.45 0.2755148
243.46 0.2597283
243.48 0.1953221
243.52 0.1520851
243.68 0.1198886
244.08 0.117885
244.16 0.1411021
244.24 0.1169845
246.8 0.1117863
247.72 0.1267049
247.76 0.1511845
247.84 0.1235351
248.0 0.1261147
248.12 0.1571069
248.16 0.2080146
248.17 0.23838
248.18 0.2973412
248.21 0.2009138
248.25 0.1549559
248.41 0.1224334
249.37 0.1192498
249.69 0.1432407
249.73 0.1597855
249.77 0.2029406
249.79 0.2631893
249.8 0.222129
249.84 0.176574
249.88 0.1719336
249.92 0.1921189
249.95 0.2486508
249.96 0.3037372
249.98 0.2274346
250.02 0.1697005
250.1 0.1385527
250.74 0.120153
251.06 0.1221531
258.1 0.1273278
258.2 0.1500929
258.28 0.1300141
258.6 0.1433836
258.68 0.1834393
258.7 0.2170815
258.71 0.2510906
258.72 0.2636675
258.74 0.2010704
258.78 0.1612419
258.94 0.1316722
262.78 0.1356356
262.82 0.1429632
262.86 0.1717906
262.9 0.1420314
263.22 0.1327756
263.54 0.1437546
263.62 0.165264
263.66 0.2022716
263.68 0.2525418
263.69 0.3152085
263.71 0.2358178
263.73 0.1956273
263.77 0.1638862
264.09 0.133841
264.89 0.1432735
264.93 0.157294
265.09 0.1350908
267.01 0.1406552
267.21 0.1690205
267.25 0.2089674
267.27 0.247892
267.29 0.1975991
267.33 0.1655883
267.49 0.1415033
272.61 0.1418359
272.93 0.1577109
273.01 0.1943807
273.04 0.2532766
273.05 0.3175764
273.06 0.2606916
273.08 0.2096297
273.12 0.1740434
273.28 0.147807
273.92 0.1430578
274.4 0.1595572
274.44 0.1741383
274.48 0.2258662
274.5 0.1871237
274.58 0.1556324
275.86 0.147488
276.34 0.1590683
276.66 0.1511164
276.9 0.1692437
276.92 0.1876577
277.0 0.1563155
279.4 0.1553334
279.48 0.1780811
279.64 0.1524379
279.88 0.1595201
282.76 0.1588806
282.84 0.183959
282.92 0.1587735
285.48 0.1603916
285.96 0.1819405
286.04 0.2153567
286.06 0.2377507
286.09 0.3143978
286.1 0.2835659
286.12 0.2733034
286.14 0.2998092
286.16 0.3588184
286.17 0.3004582
286.19 0.2515721
286.23 0.2181998
286.27 0.2174801
286.29 0.2353394
286.37 0.184988
286.69 0.1642581
287.97 0.1631033
288.77 0.178478
288.89 0.2134751
288.93 0.2619168
288.95 0.3273343
288.96 0.3974926
288.97 0.3189687
288.99 0.2600317
289.03 0.2133434
289.11 0.1848324
289.75 0.1666281
290.95 0.1740911
292.87 0.1754302
293.11 0.2006866
293.15 0.2310705
293.17 0.2840078
293.19 0.2349536
293.23 0.2024212
293.39 0.1811729
293.47 0.182096
293.55 0.2021749
293.63 0.180202
297.47 0.1844344
298.43 0.2041512
298.47 0.2171549
298.63 0.1977094
299.91 0.1917898
300.63 0.2083755
300.69 0.2382922
300.73 0.2117781
301.05 0.2016894
301.61 0.2214675
301.73 0.256899
301.77 0.3032733
301.79 0.3560628
301.8 0.403854
301.81 0.4952541
301.82 0.4492501
301.83 0.3816349
301.85 0.3150609
301.89 0.260311
301.97 0.225831
302.29 0.2049572
302.93 0.2088683
303.09 0.233372
303.13 0.2619179
303.15 0.296421
303.16 0.3323634
303.17 0.3314913
303.19 0.2755961
303.23 0.2382457
303.39 0.2100991
308.51 0.2257832
309.95 0.2417418
310.07 0.2705212
310.15 0.245385
312.71 0.2655261
315.27 0.3106455
315.75 0.3387244
315.83 0.374694
315.86 0.427727
315.87 0.4749613
315.88 0.4771849
315.89 0.4298719
315.91 0.3898359
315.95 0.3606159
316.11 0.3479384
316.19 0.3572354
316.27 0.3898841
316.31 0.4515886
316.33 0.52152
316.34 0.4671513
316.36 0.4197446
316.4 0.3830815
316.56 0.3580692
316.68 0.3765285
316.84 0.3609224
317.16 0.3798162
317.2 0.3917524
317.36 0.3808587
318.64 0.4566477
319.28 0.5204918
319.76 0.5923643
319.92 0.6442879
319.96 0.682907
319.98 0.7261307
319.99 0.7698826
320.0 0.7935452
320.01 0.7418094
320.03 0.7000638
320.07 0.6732005
320.23 0.6783543
321.51 0.9608576
321.83 1.053315
322.15 1.17872
322.47 1.341811
322.79 1.556636
323.11 1.837292
323.27 2.008017
323.43 2.2024
323.59 2.423185
323.75 2.672657
323.91 2.948678
324.07 3.254275
324.39 3.930877
324.55 4.278103
324.71 4.602641
324.87 4.872184
324.95 4.974874
325.11 5.111858
325.14 5.151606
325.15 5.207219
325.17 5.137844
325.33 4.966495
325.41 4.858699
325.57 4.582508
325.73 4.255169
326.05 3.566333
326.21 3.241237
326.37 2.944144
326.53 2.683004
326.69 2.440975
326.81 2.307811
326.85 2.296821
326.88 2.336357
326.89 2.378848
326.9 2.48518
326.91 2.368513
326.92 2.294894
326.94 2.206501
326.98 2.103991
327.06 1.977854
327.22 1.796213
327.38 1.647136
327.7 1.409345
327.82 1.353818
327.84 1.363481
327.92 1.279983
328.24 1.110576
328.56 0.9832597
329.2 0.7987628
329.84 0.6753223
330.48 0.589009
331.76 0.4833167
332.4 0.4563425
332.56 0.464711
332.64 0.4946655
332.68 0.5509088
332.69 0.5826272
332.7 0.6394728
332.71 0.6319188
332.72 0.5792648
332.74 0.5293183
332.78 0.490912
332.82 0.4811825
332.86 0.4933698
332.88 0.5267752
332.92 0.4713399
333.08 0.4316285
334.36 0.3866908
335.0 0.3769297
335.24 0.3907785
335.27 0.4222324
335.31 0.3869731
335.95 0.3621051
341.07 0.3321117
342.99 0.3378582
343.15 0.3541309
343.18 0.3795152
343.22 0.3792578
343.24 0.4056022
343.26 0.3709078
343.34 0.3459264
348.3 0.356557
351.5 0.3958968
351.66 0.4133411
351.98 0.4034799
352.22 0.4325898
352.26 0.4570273
352.3 0.5219813
352.31 0.5588205
352.32 0.6261546
352.33 0.6094631
352.34 0.5512048
352.36 0.4955627
352.4 0.4511747
352.48 0.4279775
352.56 0.4368423
352.59 0.4678421
352.63 0.4348614
352.71 0.4279313
352.75 0.4383501
352.79 0.4750087
352.8 0.4977363
352.81 0.5414657
352.82 0.5438193
352.83 0.4981151
352.85 0.4592442
352.93 0.4189651
353.57 0.4063884
354.85 0.429549
354.97 0.4571167
355.01 0.5053942
355.02 0.5282307
355.04 0.4806715
355.12 0.4412958
355.76 0.434374
357.04 0.456281
357.52 0.4870392
357.56 0.5030182
357.6 0.5432347
357.62 0.5996602
357.63 0.6892848
357.64 0.5985499
357.66 0.5441019
357.7 0.5061639
357.86 0.4820209
358.02 0.4862907
358.14 0.5113367
358.18 0.5534469
358.19 0.5815672
358.2 0.6570295
358.21 0.5806828
358.23 0.5378058
358.31 0.5005708
358.63 0.5105414
358.75 0.5563063
358.79 0.5970978
358.81 0.6396081
358.83 0.7178785
358.84 0.7887473
358.85 0.9238767
358.86 0.8661018
358.87 0.7616946
358.89 0.6613218
358.91 0.6106257
358.95 0.5614656
359.03 0.5272892
359.35 0.5129473
359.51 0.5243508
359.59 0.5513931
359.63 0.6056815
359.64 0.6423031
359.65 0.7353845
359.66 0.6393591
359.68 0.5837643
359.72 0.5470422
359.88 0.5242388
361.48 0.5666946
361.64 0.5926435
361.67 0.6335175
361.69 0.5998975
361.85 0.5801632
363.13 0.6328589
363.41 0.6690566
363.45 0.7047615
363.46 0.728709
363.47 0.7790391
363.48 0.7255124
363.52 0.6801731
363.68 0.6666602
364.16 0.7004474
364.32 0.7446727
364.36 0.7760877
364.4 0.8501099
364.42 0.9046076
364.43 0.9530703
364.44 1.033454
364.45 1.242563
364.46 1.031184
364.47 0.9504722
364.49 0.8660553
364.53 0.7939689
364.61 0.7501508
364.93 0.742758
365.57 0.7925148
366.21 0.8673454
366.53 0.923029
366.69 0.9783308
366.73 1.015792
366.76 1.085374
366.78 1.180973
366.79 1.108539
366.81 1.05387
366.85 1.020484
367.01 1.029968
367.33 1.134952
367.49 1.211087
367.65 1.312147
367.81 1.448902
367.97 1.642947
368.05 1.772885
368.13 1.935469
368.21 2.145287
368.25 2.275499
368.29 2.429753
368.33 2.619489
368.37 2.847024
368.39 2.98892
368.41 3.158005
368.43 3.367549
368.44 3.495017
368.45 3.644888
368.46 3.827044
368.47 4.059459
368.48 4.381848
368.49 4.93727
368.5 6.003425
368.51 4.695897
368.52 4.259363
368.53 3.978198
368.54 3.768652
368.55 3.601662
368.57 3.344024
368.59 3.147558
368.61 2.988386
368.65 2.738892
368.69 2.546969
368.73 2.392327
368.77 2.264208
368.85 2.064467
368.93 1.926034
368.95 1.913529
368.99 1.830001
369.07 1.72712
369.23 1.589349
369.39 1.503436
369.55 1.450216
369.87 1.403494
370.19 1.403904
370.51 1.432842
370.83 1.487897
370.95 1.534748
370.99 1.578998
371.01 1.632403
371.02 1.695196
371.04 1.623291
371.06 1.586536
371.1 1.562281
371.26 1.571187
371.9 1.73615
372.54 1.962985
373.18 2.258958
373.5 2.439283
373.82 2.646407
374.14 2.885941
374.46 3.164026
374.78 3.491002
375.02 3.786512
375.1 3.91635
375.14 4.013611
375.16 4.09347
375.17 4.15862
375.18 4.267098
375.19 4.174626
375.21 4.125264
375.25 4.124061
375.33 4.205098
375.49 4.434414
375.65 4.697786
375.81 4.989887
375.97 5.320353
376.13 5.673398
376.21 5.889727
376.24 6.023619
376.25 6.011383
376.29 6.076382
376.37 6.273436
376.53 6.725882
376.69 7.236026
376.77 7.522718
376.85 7.799288
377.01 8.420471
377.09 8.760111
377.17 9.120495
377.25 9.502791
377.33 9.908454
377.35 10.0
383.02 9.999572
383.1 9.600853
383.18 9.224632
383.34 8.533764
383.5 7.915796
383.66 7.36203
383.82 6.864497
383.98 6.416116
384.14 6.011173
384.3 5.644526
384.46 5.311823
384.62 5.010443
384.78 4.733214
384.94 4.480745
385.26 4.037862
385.58 3.662349
385.9 3.341068
386.22 3.063497
386.54 2.823683
386.86 2.618124
387.06 2.525902
387.1 2.550807
387.12 2.507137
387.2 2.453794
387.26 2.457336
387.29 2.506589
387.31 2.437904
387.35 2.380807
387.51 2.275063
387.83 2.12864
388.47 1.897732
389.11 1.723477
389.75 1.594907
390.39 1.491784
391.67 1.257683
392.31 1.167288
392.47 1.158222
392.55 1.169882
392.61 1.220446
392.63 1.271661
392.64 1.319563
392.65 1.412751
392.66 1.38649
392.67 1.304487
392.69 1.228271
392.73 1.166173
392.81 1.122695
393.13 1.068297
394.41 0.9552291
394.89 0.9249855
395.05 0.9371725
395.07 0.9422321
395.15 0.9124248
395.79 0.8723079
396.43 0.858874
396.47 0.8706193
396.51 0.9104472
396.52 0.9384062
396.53 1.001847
396.54 0.9333014
396.56 0.8904515
396.64 0.8482641
396.96 0.8333031
397.0 0.8468005
397.03 0.8897108
397.05 0.8488989
397.13 0.8212002
398.41 0.770483
399.85 0.7467832
400.01 0.7760444
400.05 0.8150252
400.08 0.8911493
400.09 0.846298
400.11 0.8049696
400.15 0.7708529
400.31 0.7404407
400.95 0.738427
401.11 0.7668931
401.15 0.7909058
401.19 0.8558266
401.2 0.8913019
401.22 1.01196
401.23 0.9199646
401.25 0.8452592
401.29 0.7898077
401.37 0.7594314
401.53 0.755055
401.69 0.779068
401.73 0.805147
401.74 0.8610819
401.75 0.8053158
401.83 0.777277
401.93 0.7835221
402.01 0.7558021
402.17 0.7536453
402.29 0.7950141
402.33 0.8457134
402.35 0.8957767
402.37 0.9868951
402.38 1.067242
402.39 1.211004
402.4 1.224246
402.41 1.072436
402.42 0.9886453
402.44 0.8935879
402.48 0.8076873
402.56 0.7486764
402.72 0.7157649
403.68 0.6876275
403.8 0.7030424
403.84 0.7369643
403.88 0.6998386
404.2 0.6772045
406.76 0.6604795
408.04 0.6725378
408.12 0.6832313
408.2 0.7134873
408.24 0.7565703
408.27 0.8388725
408.28 0.8961096
408.29 1.00505
408.3 0.976726
408.31 0.8841487
408.33 0.7966902
408.37 0.7284628
408.45 0.6875301
408.77 0.6642234
411.33 0.669172
412.93 0.7003541
412.99 0.7245653
413.01 0.7616759
413.05 0.713122
413.21 0.6921949
413.85 0.7032606
414.09 0.7392819
414.17 0.7980088
414.19 0.8319774
414.21 0.8871638
414.23 0.9882383
414.24 1.078814
414.25 1.246503
414.26 1.224602
414.27 1.06879
414.28 0.9824633
414.3 0.8851168
414.32 0.831793
414.36 0.77742
414.44 0.7368772
414.76 0.7118178
417.32 0.7631603
418.6 0.8170999
419.88 0.9105983
420.52 0.9872259
420.76 1.038934
420.8 1.069619
420.84 1.049367
421.16 1.099346
421.48 1.178475
421.8 1.282661
422.12 1.421247
422.44 1.613645
422.6 1.73888
422.76 1.889829
422.92 2.075284
423.08 2.306216
423.24 2.598019
423.32 2.774048
423.4 2.97574
423.48 3.21066
423.56 3.495461
423.6 3.673534
423.62 3.782245
423.64 3.91902
423.65 4.008542
423.66 4.130841
423.67 4.350588
423.68 4.204508
423.69 4.171454
423.71 4.181085
423.73 4.231943
423.77 4.386871
423.81 4.580153
423.85 4.8002
423.89 5.044391
423.93 5.313009
423.97 5.60765
424.01 5.930721
424.05 6.285292
424.09 6.675079
424.13 7.10451
424.17 7.578879
424.21 8.104489
424.25 8.688937
424.29 9.341463
424.32 9.88229
424.33 10.0
425.2 10.0
425.21 9.858794
425.23 9.491915
425.25 9.147651
425.29 8.517299
425.33 7.953537
425.37 7.446532
425.41 6.98881
425.45 6.574151
425.49 6.197239
425.53 5.853881
425.57 5.540307
425.61 5.253297
425.65 4.990067
425.73 4.525556
425.81 4.13081
425.89 3.793695
425.97 3.505962
426.01 3.380369
426.05 3.274952
426.07 3.256754
426.09 3.160471
426.17 2.935585
426.25 2.753063
426.41 2.454953
426.57 2.222575
426.73 2.03944
426.89 1.896051
426.97 1.842522
426.99 1.844252
427.07 1.761425
427.23 1.65446
427.55 1.497724
427.87 1.391705
427.95 1.382721
428.11 1.3295
428.59 1.255176
428.71 1.269711
428.75 1.304163
428.77 1.347927
428.78 1.390097
428.79 1.478463
428.81 1.359937
428.83 1.30296
428.87 1.254738
428.95 1.220198
429.27 1.183414
429.35 1.185076
429.41 1.209353
429.42 1.233476
429.44 1.198848
429.52 1.171579
429.84 1.153033
430.16 1.160865
430.24 1.182664
430.28 1.214886
430.3 1.248911
430.32 1.319461
430.33 1.4009
430.34 1.375434
430.35 1.307376
430.37 1.243553
430.41 1.192543
430.49 1.161481
430.81 1.146391
432.09 1.185473
433.37 1.284141
434.01 1.359405
434.65 1.461375
435.29 1.602377
435.61 1.695352
435.93 1.80983
436.25 1.953339
436.57 2.136348
436.89 2.369737
437.21 2.661931
437.37 2.852397
437.41 2.920744
437.45 3.028798
437.47 3.12607
437.48 3.20575
437.49 3.347668
437.5 3.307884
437.51 3.213093
437.53 3.133421
437.55 3.103695
437.59 3.097063
437.67 3.151389
437.83 3.331706
437.99 3.557969
438.15 3.826721
438.31 4.140908
438.43 4.417118
438.47 4.539897
438.48 4.59559
438.5 4.595759
438.58 4.749431
438.74 5.114901
438.9 5.452477
438.98 5.591429
439.14 5.800898
439.15 5.879391
439.16 5.815991
439.32 5.740922
439.4 5.665476
439.56 5.439728
439.72 5.152738
439.88 4.858734
440.04 4.585788
440.2 4.34813
440.36 4.152476
440.52 3.999343
440.68 3.883743
440.84 3.807408
441.0 3.767289
441.16 3.77701
441.24 3.830645
441.28 3.905106
441.3 3.978756
441.31 4.035499
441.32 4.117118
441.33 4.248702
441.34 4.580112
441.35 4.264901
441.36 4.130775
441.37 4.049825
441.39 3.955336
441.41 3.90378
441.45 3.854814
441.53 3.833572
441.69 3.876061
441.85 3.965037
442.01 4.101357
442.05 4.156064
442.09 4.245958
442.11 4.340753
442.12 4.392447
442.13 4.331956
442.15 4.289005
442.19 4.277657
442.27 4.327505
442.43 4.491157
442.75 4.900441
443.01 5.251996
443.09 5.344031
443.57 5.887575
443.73 6.099899
443.89 6.348586
444.05 6.641302
444.21 6.983417
444.37 7.38023
444.53 7.838022
444.69 8.362852
444.77 8.653156
444.85 8.96368
444.93 9.296904
445.08 9.980956
445.1 10.0
450.83 10.0
450.84 9.976937
450.92 9.588562
451.0 9.223295
451.16 8.554716
451.32 7.960897
451.48 7.430688
451.64 6.956265
451.8 6.532257
451.96 6.153712
452.04 5.982977
452.1 5.874895
452.18 5.693001
452.24 5.593677
452.28 5.495184
452.44 5.197001
452.6 4.932639
452.76 4.693312
453.08 4.273233
453.4 3.919501
453.72 3.623313
453.79 3.588226
453.83 3.533545
454.15 3.283559
454.47 3.075572
454.63 2.996229
454.67 3.005596
454.71 2.950667
455.03 2.769878
455.67 2.498069
456.31 2.28749
456.95 2.126614
457.11 2.097752
457.27 2.092292
457.31 2.105491
457.35 2.14085
457.37 2.178463
457.39 2.24783
457.4 2.309453
457.41 2.418989
457.42 2.438273
457.43 2.313829
457.44 2.244279
457.46 2.163638
457.5 2.086544
457.58 2.02473
457.9 1.938279
458.54 1.836848
459.82 1.694825
461.1 1.611247
461.74 1.579862
462.22 1.58578
462.3 1.620166
462.34 1.687056
462.35 1.725905
462.36 1.796893
462.37 1.806386
462.38 1.729894
462.4 1.662399
462.44 1.610099
462.52 1.578609
462.84 1.564302
463.0 1.579365
463.08 1.609364
463.12 1.647537
463.14 1.682888
463.16 1.743658
463.17 1.793623
463.18 1.873537
463.19 2.051134
463.2 1.868683
463.21 1.795849
463.23 1.724888
463.25 1.697656
463.27 1.649195
463.31 1.608345
463.39 1.579002
463.71 1.569213
463.78 1.593066
463.86 1.568238
464.06 1.57992
464.1 1.618645
464.11 1.644401
464.13 1.598006
464.21 1.564458
464.85 1.557934
466.13 1.586243
466.45 1.620437
466.53 1.65051
466.57 1.68471
466.61 1.764158
466.62 1.804008
466.63 1.865803
466.64 1.992993
466.65 1.888836
466.66 1.819179
466.68 1.746918
466.72 1.685981
466.8 1.650521
467.12 1.65106
467.44 1.685363
467.76 1.756199
467.84 1.805744
467.88 1.856026
467.9 1.898174
467.92 1.9644
467.94 2.08165
467.95 2.182761
467.96 2.358023
467.97 2.490504
467.98 2.248403
467.99 2.127838
468.0 2.052099
468.02 1.961851
468.04 1.911914
468.08 1.863364
468.16 1.838608
468.24 1.848498
468.32 1.8891
468.36 1.943373
468.38 2.001388
468.39 2.054295
468.4 2.155123
468.41 2.049538
468.43 1.975685
468.47 1.924311
468.55 1.906555
468.71 1.933904
468.87 1.985395
469.03 2.072423
469.07 2.121583
469.09 2.169357
469.1 2.21468
469.11 2.210607
469.13 2.162152
469.17 2.142657
469.25 2.170799
469.29 2.206656
469.33 2.272058
469.35 2.251545
469.39 2.261377
469.43 2.301733
469.45 2.338856
469.47 2.405972
469.48 2.477029
469.5 2.400547
469.52 2.364626
469.56 2.347242
469.64 2.371843
469.8 2.487578
469.88 2.586584
469.92 2.682404
469.94 2.778245
469.95 2.87277
469.96 2.855267
469.97 2.7899
469.99 2.733803
470.03 2.7062
470.11 2.737355
470.27 2.869363
470.75 3.31564
470.88 3.438888
470.89 3.477182
470.9 3.4599
470.94 3.51475
470.96 3.57298
470.97 3.618802
470.98 3.690063
470.99 3.844452
471.0 3.70951
471.01 3.633136
471.03 3.553314
471.07 3.484446
471.15 3.429979
471.47 3.307559
471.79 3.215303
471.95 3.200498
472.11 3.212076
472.19 3.232212
472.27 3.273361
472.29 3.299403
472.3 3.331773
472.32 3.300569
472.4 3.31138
472.56 3.405789
472.72 3.55436
472.8 3.669773
472.84 3.762782
472.86 3.834792
472.88 3.951353
472.89 4.053315
472.9 4.20843
472.91 4.052036
472.92 3.984977
472.94 3.924119
472.98 3.901625
473.02 3.926605
473.08 4.008118
473.12 4.044313
473.2 4.161732
473.36 4.453505
473.52 4.804049
473.68 5.210373
473.84 5.667557
474.0 6.163592
474.16 6.688347
474.32 7.147898
474.4 7.34869
474.48 7.518587
474.56 7.646884
474.66 7.756949
474.68 7.802185
474.69 7.939862
474.7 7.791946
474.72 7.745733
474.8 7.643507
474.88 7.503945
474.96 7.325532
475.04 7.113529
475.2 6.624939
475.52 5.595399
475.68 5.127441
475.84 4.722473
475.92 4.567286
475.96 4.526845
475.98 4.532886
476.0 4.583748
476.01 4.651201
476.02 4.840574
476.03 4.622846
476.04 4.506087
476.06 4.364803
476.08 4.270967
476.12 4.13771
476.2 3.94648
476.36 3.653744
476.52 3.414897
476.68 3.212346
476.84 3.039763
477.0 2.894229
477.16 2.778548
477.2 2.76983
477.24 2.719188
477.4 2.601517
477.72 2.424155
478.04 2.286808
478.36 2.184651
479.0 2.044971
479.36 2.009622
479.4 2.03274
479.44 2.000565
479.6 1.981423
479.62 1.987463
479.78 1.957984
479.94 1.95582
480.02 1.979162
480.06 1.962817
480.14 1.989128
480.16 2.020284
480.17 2.050911
480.18 2.116496
480.2 2.030193
480.22 1.989426
480.26 1.956615
480.42 1.931845
480.58 1.955818
480.62 1.980893
480.66 2.036252
480.68 2.092889
480.69 2.137519
480.7 2.203579
480.71 2.316383
480.72 2.406186
480.73 2.245701
480.74 2.163335
480.76 2.072947
480.8 1.993726
480.88 1.943329
481.04 1.935542
481.12 1.96971
481.16 2.025881
481.18 2.09036
481.19 2.151107
481.2 2.249547
481.21 2.137817
481.23 2.049327
481.27 1.980346
481.35 1.945016
481.43 1.949617
481.51 1.994492
481.55 2.059257
481.57 2.122146
481.59 2.233988
481.6 2.32844
481.61 2.483413
481.62 2.890017
481.63 2.489244
481.64 2.331023
481.65 2.234891
481.67 2.120973
481.69 2.056562
481.73 1.989057
481.81 1.937238
481.97 1.908369
482.61 1.910237
483.25 1.948844
483.89 2.020781
484.53 2.146498
484.85 2.241343
485.17 2.373943
485.49 2.564903
485.65 2.693971
485.81 2.855266
485.97 3.060842
486.05 3.185763
486.21 3.491552
486.29 3.681261
486.37 3.902908
486.45 4.164574
486.53 4.474102
486.61 4.845946
486.65 5.060264
486.69 5.297066
486.73 5.559711
486.77 5.852104
486.81 6.179323
486.85 6.547542
486.89 6.964656
486.93 7.440991
486.95 7.705533
486.97 7.990483
486.99 8.298494
487.01 8.632742
487.03 8.997248
487.05 9.397047
487.07 9.838689
487.08 10.0
487.43 10.0
487.44 9.825645
487.46 9.412753
487.48 9.042354
487.5 8.707294
487.52 8.401618
487.54 8.121694
487.58 7.626642
487.62 7.202477
487.66 6.836068
487.7 6.515312
487.74 6.234388
487.78 5.98695
487.82 5.768192
487.86 5.573943
487.94 5.246906
488.02 4.984917
488.1 4.772845
488.18 4.599051
488.26 4.454194
488.42 4.224471
488.48 4.159333
488.49 4.169921
488.51 4.119638
488.67 3.926683
488.99 3.591343
489.31 3.294709
489.47 3.178405
489.51 3.168953
489.54 3.192258
489.56 3.136274
489.64 3.047397
489.8 2.937303
490.12 2.77165
490.44 2.650221
491.08 2.467167
491.72 2.347229
491.88 2.334489
491.94 2.361644
491.95 2.391762
491.97 2.346408
492.05 2.311269
492.69 2.25521
493.97 2.231969
495.25 2.260859
495.89 2.295093
496.05 2.318649
496.13 2.346945
496.17 2.379388
496.21 2.453149
496.23 2.536269
496.24 2.611208
496.25 2.75272
496.26 2.714911
496.27 2.594716
496.28 2.527634
496.3 2.451928
496.34 2.385465
496.42 2.344415
496.74 2.335422
496.9 2.349915
497.02 2.389433
497.06 2.436208
497.08 2.491808
497.1 2.613752
497.11 2.521154
497.13 2.449792
497.17 2.399224
497.25 2.373297
497.57 2.375203
497.89 2.403579
497.95 2.431075
497.97 2.469022
498.01 2.424835
498.17 2.413613
498.49 2.441342
498.65 2.48348
498.69 2.520921
498.71 2.558107
498.73 2.631725
498.75 2.77782
498.76 2.664215
498.77 2.609361
498.79 2.551803
498.83 2.5047
498.91 2.478733
499.23 2.482319
499.87 2.528063
500.35 2.581843
500.41 2.620036
500.43 2.676024
500.47 2.611954
500.55 2.593892
501.19 2.644896
502.15 2.769384
502.29 2.81548
502.45 2.811396
503.09 2.912987
503.41 2.978483
503.73 3.023526
505.17 3.090812
505.25 3.111688
505.33 3.109547
505.37 3.140401
505.41 3.11152
505.73 3.125181
506.37 3.196318
507.33 3.354333
507.57 3.427947
507.65 3.489464
507.69 3.564477
507.71 3.642577
507.72 3.709407
507.73 3.826585
507.74 3.873904
507.75 3.743367
507.76 3.678994
507.78 3.618608
507.8 3.607488
507.81 3.62586
507.82 3.620813
507.84 3.560899
507.88 3.525129
507.96 3.519773
508.0 3.532524
508.03 3.568023
508.07 3.554592
508.11 3.575773
508.15 3.62385
508.17 3.673925
508.18 3.717046
508.19 3.795846
508.21 3.70286
508.23 3.649367
508.27 3.608876
508.35 3.594785
508.67 3.653374
508.99 3.739268
509.15 3.767585
509.23 3.799546
509.26 3.838
509.27 3.877463
509.31 3.815846
509.47 3.800227
510.75 3.836235
511.39 3.884165
512.67 4.04287
513.95 4.251783
514.59 4.371304
514.91 4.449774
514.97 4.490394
514.99 4.536893
515.03 4.489355
515.19 4.492799
516.47 4.762156
517.11 4.923326
517.27 4.983463
517.35 5.047448
517.39 5.125127
517.41 5.207206
517.42 5.281361
517.43 5.457591
517.44 5.293564
517.45 5.221192
517.47 5.14656
517.51 5.087102
517.59 5.060886
517.91 5.112037
519.19 5.452521
519.83 5.660918
519.99 5.756489
520.03 5.80529
520.07 5.893748
520.09 5.97559
520.1 6.036837
520.11 6.122481
520.12 6.253292
520.13 6.496216
520.14 6.484423
520.15 6.255626
520.16 6.133619
520.17 6.055423
520.19 5.961702
520.21 5.910069
520.25 5.860799
520.33 5.838452
520.49 5.857922
521.13 6.045849
521.77 6.271561
521.93 6.360037
521.97 6.403872
522.01 6.491698
522.03 6.593956
522.04 6.701675
522.05 6.743517
522.06 6.62217
522.07 6.56151
522.09 6.499036
522.13 6.453426
522.21 6.444043
522.53 6.540453
522.85 6.666574
523.09 6.78896
523.17 6.859014
523.21 6.918111
523.23 6.962778
523.25 7.027563
523.27 7.13139
523.28 7.211222
523.29 7.327337
523.3 7.520883
523.31 7.83582
523.32 7.472697
523.33 7.313045
523.34 7.216273
523.36 7.104564
523.38 7.045395
523.42 6.993136
523.46 6.980557
523.5 6.993951
523.52 7.01825
523.53 7.050486
523.55 7.011759
523.59 6.994407
523.75 7.029642
524.39 7.291243
525.03 7.581546
525.67 7.892665
526.31 8.226399
526.95 8.587322
527.35 8.84182
527.39 8.889461
527.47 8.908146
528.11 9.284228
528.75 9.705443
529.15 9.986305
529.19 10.0
588.31 9.990422
588.95 9.648057
589.11 9.586759
589.19 9.526717
589.83 9.2081
590.23 9.033131
590.31 9.032594
590.34 9.093497
590.35 9.042545
590.39 8.97564
590.55 8.880095
590.87 8.743642
590.95 8.72362
590.99 8.73501
591.0 8.750895
591.04 8.696258
591.12 8.648513
591.2 8.63649
591.22 8.648477
591.24 8.689742
591.25 8.742611
591.26 8.672056
591.28 8.618875
591.32 8.571
591.48 8.481535
592.12 8.222498
592.44 8.114056
592.52 8.102687
592.56 8.112821
592.6 8.166325
592.61 8.200468
592.62 8.26029
592.63 8.417404
592.64 8.26669
592.65 8.19305
592.67 8.118174
592.71 8.050043
592.79 7.988875
593.11 7.855728
593.75 7.634237
594.39 7.43296
594.87 7.312025
594.95 7.314231
594.99 7.331003
595.03 7.379928
595.06 7.479619
595.07 7.548488
595.08 7.701555
595.09 7.560652
595.1 7.476768
595.12 7.383489
595.16 7.294046
595.24 7.218342
595.4 7.146336
596.04 6.96185
596.68 6.807515
597.32 6.677463
597.96 6.579359
598.6 6.525109
599.88 6.506162
599.96 6.536312
599.98 6.585647
599.99 6.541245
600.03 6.484813
600.67 6.21377
601.31 5.960465
601.95 5.756442
602.27 5.674122
602.59 5.611941
602.67 5.622735
602.71 5.589403
603.35 5.424686
604.63 5.194171
605.91 5.013785
607.19 4.877755
607.75 4.824668
607.83 4.845857
607.85 4.88176
607.87 4.839451
607.95 4.807191
608.59 4.750877
609.23 4.716593
609.55 4.723135
609.63 4.749855
609.67 4.78943
609.69 4.830574
609.71 4.911544
609.72 4.992294
609.73 5.199649
609.74 5.005536
609.75 4.918472
609.77 4.833388
609.81 4.765097
609.89 4.724876
610.05 4.719139
610.17 4.757929
610.21 4.800749
610.23 4.841774
610.25 4.920854
610.26 5.013171
610.28 4.946662
610.3 4.949722
610.32 5.011391
610.33 5.069636
610.34 5.157647
610.35 5.298984
610.36 5.57069
610.37 5.582776
610.38 5.295525
610.39 5.143941
610.4 5.046212
610.42 4.926624
610.44 4.85748
610.48 4.783446
610.56 4.724167
610.72 4.690384
611.04 4.695282
611.16 4.740245
611.2 4.786295
611.22 4.828324
611.24 4.898773
611.25 4.954356
611.26 5.037046
611.27 5.180216
611.28 5.258697
611.29 5.074496
611.3 4.97781
611.32 4.87084
611.34 4.812453
611.38 4.752746
611.46 4.708334
611.78 4.683854
612.42 4.715466
613.06 4.776831
613.7 4.879036
614.34 5.035355
614.66 5.157584
614.7 5.188311
614.73 5.239979
614.75 5.248942
614.77 5.299283
614.78 5.360223
614.79 5.349216
614.8 5.301227
614.82 5.263188
614.86 5.244146
615.02 5.284202
615.34 5.432609
615.66 5.624067
615.98 5.846923
616.22 6.067101
616.26 6.127123
616.28 6.189394
616.3 6.168781
616.38 6.213421
616.54 6.375641
616.7 6.564399
616.86 6.776466
617.02 7.014209
617.18 7.284425
617.28 7.493294
617.3 7.567898
617.34 7.603065
617.5 7.916793
617.66 8.293834
617.82 8.721857
617.98 9.208903
618.14 9.763616
618.2 9.991513
623.14 10.0
623.3 9.375403
623.38 9.091264
623.46 8.828385
623.54 8.592396
623.58 8.491493
623.62 8.416178
623.64 8.400358
623.66 8.419856
623.67 8.458849
623.69 8.645012
623.7 8.429853
623.71 8.313844
623.73 8.166782
623.75 8.064795
623.79 7.912268
623.87 7.677488
624.03 7.292029
624.19 6.95832
624.35 6.661351
624.51 6.394794
624.67 6.154511
624.83 5.937231
625.15 5.563525
625.31 5.420113
625.35 5.412744
625.36 5.422681
625.37 5.456803
625.39 5.378117
625.43 5.306631
625.59 5.143518
625.91 4.889566
626.23 4.674452
626.55 4.49122
626.87 4.333646
627.19 4.199064
627.51 4.089544
627.67 4.05267
627.73 4.055205
627.75 4.085093
627.79 4.027686
627.95 3.945102
628.59 3.7372
629.23 3.581752
629.87 3.454414
631.15 3.25704
631.79 3.18398
632.03 3.18134
632.11 3.224993
632.13 3.258168
632.15 3.321536
632.16 3.379267
632.17 3.48493
632.18 3.559346
632.19 3.408846
632.2 3.335714
632.22 3.257924
632.26 3.190682
632.34 3.143212
632.66 3.08774
632.98 3.055464
633.3 3.043934
633.34 3.07118
633.35 3.097586
633.39 3.042918
633.55 3.007234
634.19 2.969168
634.27 2.978038
634.35 3.011598
634.39 3.054989
634.41 3.099012
634.43 3.177986
634.44 3.244632
634.45 3.352305
634.46 3.588517
634.47 3.404194
634.48 3.273184
634.49 3.197654
634.51 3.115921
634.52 3.103353
634.54 3.042085
634.58 2.989702
634.66 2.946841
634.98 2.896634
637.54 2.738648
638.18 2.710779
638.66 2.71351
638.78 2.752566
638.82 2.794152
638.84 2.83191
638.86 2.894124
638.87 2.941911
638.88 3.009884
638.89 3.116127
638.9 3.323555
638.91 3.221649
638.92 3.067461
638.93 2.978458
638.95 2.875462
638.97 2.817564
639.01 2.756718
639.09 2.707715
639.41 2.663018
639.97 2.648371
640.05 2.681095
640.08 2.741652
640.09 2.808601
640.11 2.722767
640.15 2.665064
640.23 2.639529
640.29 2.643143
640.31 2.666683
640.33 2.639343
640.65 2.607053
641.29 2.585556
641.49 2.594304
641.53 2.621018
641.61 2.584786
641.93 2.572712
642.17 2.597139
642.25 2.64638
642.29 2.715636
642.31 2.78668
642.32 2.842561
642.33 2.924578
642.34 3.060953
642.35 3.388117
642.36 3.049817
642.37 2.917475
642.38 2.836806
642.4 2.740878
642.42 2.686306
642.46 2.628484
642.54 2.582442
642.86 2.541373
644.14 2.505971
644.46 2.51259
644.62 2.535417
644.7 2.578705
644.74 2.633909
644.76 2.685429
644.78 2.775779
644.79 2.853104
644.8 2.987312
644.81 2.984274
644.82 2.851508
644.83 2.774751
644.85 2.684838
644.89 2.598788
644.97 2.538503
645.13 2.507835
645.45 2.5008
645.61 2.522342
645.65 2.559592
645.66 2.585237
645.67 2.655001
645.68 2.586315
645.7 2.544312
645.78 2.506316
647.06 2.446288
647.38 2.443207
647.62 2.462966
647.7 2.493656
647.74 2.528509
647.78 2.605292
647.8 2.683401
647.81 2.744472
647.82 2.833487
647.83 2.979853
647.84 3.345496
647.85 2.976559
647.86 2.830861
647.87 2.741821
647.89 2.635613
647.91 2.574993
647.95 2.510665
648.03 2.460197
648.19 2.427744
649.47 2.389683
650.43 2.385566
650.67 2.409662
650.71 2.440763
650.73 2.495099
650.75 2.449887
650.79 2.413533
650.95 2.395018
651.11 2.401762
651.27 2.433839
651.35 2.484366
651.39 2.542322
651.41 2.591797
651.43 2.670006
651.44 2.727989
651.45 2.807787
651.46 2.926259
651.47 3.133127
651.48 3.195227
651.49 2.979655
651.5 2.872065
651.51 2.811073
651.52 2.77898
651.53 2.770607
651.54 2.785967
651.55 2.841826
651.56 2.875544
651.57 2.749035
651.58 2.677219
651.6 2.591239
651.64 2.506509
651.72 2.442272
652.0 2.395607
652.64 2.40125
652.8 2.420343
652.84 2.437197
652.92 2.413027
653.24 2.409383
653.56 2.44981
653.64 2.497053
653.68 2.552683
653.7 2.601696
653.72 2.68109
653.73 2.741442
653.74 2.826831
653.75 2.959963
653.76 3.222885
653.78 2.884976
653.79 2.781336
653.81 2.660242
653.83 2.592169
653.87 2.521558
653.95 2.469634
654.11 2.449535
654.27 2.457753
654.43 2.486597
654.51 2.516871
654.59 2.578221
654.63 2.641916
654.65 2.694592
654.67 2.776352
654.68 2.836744
654.69 2.920382
654.7 3.047573
654.71 3.287625
654.72 3.205284
654.73 3.035784
654.74 2.946652
654.75 2.893938
654.77 2.847584
654.79 2.853144
654.81 2.907488
654.82 2.959534
654.83 3.038377
654.84 3.16555
654.85 3.417293
654.86 3.294656
654.87 3.115382
654.88 3.016014
654.89 2.953641
654.91 2.888549
654.93 2.872795
654.95 2.896326
654.97 2.968292
654.98 3.03362
654.99 3.136392
655.0 3.325993
655.01 3.350422
655.02 3.171709
655.03 3.086199
655.04 3.040939
655.06 3.019311
655.08 3.069595
655.09 3.126252
655.1 3.215188
655.11 3.362619
655.12 3.721495
655.13 3.404733
655.14 3.283105
655.15 3.226734
655.16 3.210193
655.17 3.227272
655.18 3.281541
655.19 3.390693
655.2 3.621716
655.21 3.532338
655.22 3.34911
655.23 3.256327
655.24 3.212083
655.25 3.204306
655.26 3.232935
655.27 3.309038
655.28 3.470797
655.29 3.957983
655.3 3.43673
655.31 3.223719
655.32 3.094396
655.33 3.005405
655.35 2.89131
655.37 2.823444
655.41 2.753964
655.45 2.731001
655.49 2.740483
655.53 2.791003
655.55 2.84429
655.57 2.936514
655.58 3.009891
655.59 3.119051
655.6 3.308384
655.61 3.388622
655.62 3.16223
655.63 3.042553
655.64 2.965847
655.66 2.874218
655.68 2.825716
655.72 2.791343
655.76 2.807183
655.8 2.874752
655.82 2.94118
655.84 3.051271
655.85 3.136817
655.86 3.264149
655.87 3.49781
655.89 3.274021
655.9 3.219574
655.91 3.201999
655.92 3.212832
655.93 3.251253
655.94 3.323531
655.95 3.4502
655.96 3.709065
655.97 3.571435
655.98 3.46474
655.99 3.45236
656.0 3.543573
656.01 3.532437
656.02 3.317539
656.03 3.198015
656.04 3.118882
656.06 3.022972
656.08 2.97344
656.1 2.951832
656.12 2.951735
656.14 2.97275
656.16 3.018955
656.18 3.102426
656.19 3.166311
656.2 3.254302
656.21 3.383299
656.22 3.603846
656.23 3.609724
656.24 3.558581
656.25 3.652746
656.27 3.347524
656.28 3.254718
656.29 3.19444
656.31 3.132231
656.33 3.126259
656.35 3.175429
656.36 3.227687
656.37 3.311699
656.38 3.463069
656.39 3.460732
656.4 3.398775
656.41 3.415207
656.42 3.55199
656.43 3.372656
656.44 3.312976
656.45 3.305502
656.46 3.369773
656.47 3.287895
656.48 3.230956
656.49 3.12269
656.51 3.000124
656.53 2.927243
656.57 2.845427
656.65 2.778927
656.81 2.751784
657.13 2.79447
657.29 2.831412
657.45 2.893072
657.49 2.94053
657.5 2.965863
657.51 3.012526
657.52 3.016211
657.53 2.973325
657.55 2.93977
657.63 2.91879
657.87 2.966975
657.95 3.017552
657.99 3.088292
658.01 3.169385
658.02 3.22929
658.03 3.34011
658.04 3.516267
658.05 3.300709
658.06 3.206167
658.08 3.108978
658.1 3.058488
658.14 3.008052
658.22 2.968009
658.7 2.86648
658.78 2.867653
658.81 2.905116
658.82 2.902219
658.84 2.859726
658.92 2.808773
659.56 2.629759
660.2 2.50433
660.84 2.423547
661.16 2.401746
661.32 2.413213
661.36 2.429849
661.4 2.470262
661.42 2.51418
661.44 2.604356
661.45 2.700373
661.46 2.834238
661.47 2.658444
661.48 2.579906
661.5 2.498841
661.54 2.430775
661.62 2.385674
661.94 2.342888
662.58 2.310913
662.82 2.315668
663.14 2.292731
664.42 2.269849
664.5 2.27743
664.82 2.263925
665.3 2.271085
665.46 2.293255
665.54 2.319725
665.58 2.353786
665.62 2.427939
665.64 2.50398
665.65 2.56423
665.66 2.653867
665.68 2.964714
665.69 2.726441
665.7 2.610945
665.71 2.536177
665.73 2.4466
665.77 2.3645
665.83 2.328064
665.85 2.34397
665.89 2.300561
666.05 2.270553
666.29 2.27597
666.37 2.267667
666.53 2.30031
666.59 2.367607
666.61 2.43488
666.62 2.503119
666.63 2.673661
666.64 2.525406
666.65 2.450144
666.67 2.372795
666.71 2.316042
666.77 2.307568
666.81 2.27854
666.97 2.256279
668.01 2.244137
669.29 2.247996
669.61 2.275781
669.69 2.298507
669.73 2.324545
669.77 2.375034
669.79 2.420496
669.81 2.495421
669.82 2.553075
669.83 2.634786
669.84 2.759908
669.85 2.986394
669.86 3.166568
669.87 2.837736
669.88 2.68123
669.89 2.584481
669.91 2.469869
669.93 2.40565
669.97 2.33907
670.05 2.288634
670.21 2.262103
670.85 2.250589
671.33 2.267347
671.49 2.299648
671.57 2.355052
671.61 2.426206
671.63 2.494388
671.64 2.545901
671.65 2.619091
671.66 2.735578
671.67 2.949394
671.68 2.714734
671.69 2.610183
671.71 2.497491
671.73 2.438617
671.77 2.395225
671.79 2.409271
671.8 2.443136
671.81 2.429964
671.83 2.363703
671.87 2.319358
672.03 2.275815
672.35 2.266808
672.51 2.277101
672.53 2.293901
672.57 2.27582
672.73 2.289979
672.77 2.323867
672.78 2.345406
672.79 2.38929
672.8 2.382966
672.82 2.321613
672.86 2.287604
673.02 2.265758
673.66 2.268961
673.82 2.296842
673.86 2.326813
673.88 2.359051
673.9 2.428479
673.91 2.513448
673.92 2.497353
673.93 2.421657
673.95 2.356655
673.99 2.308389
674.07 2.280849
674.71 2.267877
675.67 2.27834
675.99 2.303046
676.03 2.326893
676.05 2.35846
676.06 2.399216
676.08 2.344456
676.12 2.309778
676.28 2.28899
677.08 2.309231
677.12 2.32541
677.14 2.359196
677.18 2.31815
677.5 2.309047
677.82 2.326519
677.9 2.346259
677.91 2.362446
677.95 2.336579
678.59 2.317919
681.15 2.348086
683.39 2.397982
683.55 2.424157
683.59 2.451285
683.62 2.508367
683.63 2.555317
683.64 2.646949
683.65 2.543843
683.67 2.479176
683.71 2.436904
683.87 2.411061
684.03 2.41235
684.19 2.434447
684.23 2.472407
684.24 2.504269
684.28 2.444972
684.44 2.419362
687.0 2.47876
689.56 2.566331
690.84 2.63823
691.16 2.665917
691.32 2.695863
691.36 2.730525
691.4 2.705094
691.46 2.715614
691.62 2.714461
691.66 2.737728
691.74 2.717775
692.06 2.744798
692.22 2.783835
692.26 2.812994
692.3 2.872179
692.32 2.929056
692.34 3.03099
692.35 3.118807
692.36 3.268463
692.37 3.495148
692.38 3.21609
692.39 3.090475
692.4 3.012909
692.42 2.92049
692.46 2.835155
692.54 2.777419
692.7 2.749174
693.02 2.744214
693.26 2.77152
693.34 2.808195
693.38 2.849114
693.42 2.933764
693.44 3.018286
693.45 3.084925
693.46 3.185332
693.47 3.367236
693.48 3.30575
693.49 3.154771
693.5 3.065566
693.52 2.960137
693.54 2.899572
693.58 2.834942
693.66 2.78439
693.82 2.757517
694.46 2.76766
694.62 2.795752
694.66 2.815999
694.7 2.85884
694.72 2.902615
694.74 2.988635
694.75 3.074585
694.76 3.287621
694.77 3.099369
694.78 3.002731
694.8 2.910962
694.84 2.840133
694.92 2.800374
695.24 2.788731
695.96 2.827186
696.04 2.857649
696.06 2.880157
696.08 2.932957
696.09 3.024358
696.1 2.937487
696.12 2.883954
696.16 2.851403
696.32 2.835316
698.8 2.965489
698.92 2.989847
698.96 3.023489
698.97 3.045384
698.98 3.102311
698.99 3.050441
699.01 3.015254
699.09 2.98851
699.73 3.018008
700.37 3.068627
700.61 3.107508
700.73 3.170266
700.77 3.225755
700.79 3.276262
700.81 3.360679
700.82 3.426851
700.83 3.523014
700.84 3.678259
700.85 4.003086
700.86 3.838203
700.87 3.609285
700.88 3.484364
700.89 3.403441
700.91 3.305225
700.93 3.249557
700.97 3.192209
701.05 3.151924
701.21 3.14388
701.29 3.159394
701.33 3.183155
701.35 3.211342
701.36 3.241375
701.37 3.238757
701.39 3.2001
701.43 3.183308
701.47 3.196355
701.49 3.221901
701.51 3.290758
701.52 3.237026
701.54 3.199471
701.62 3.166023
702.26 3.196594
702.9 3.262377
702.98 3.290053
702.99 3.303958
703.01 3.282926
703.33 3.283091
704.61 3.376782
707.17 3.620626
707.97 3.714102
708.09 3.747211
708.13 3.794201
708.14 3.835199
708.16 3.790469
708.2 3.759266
708.36 3.758734
709.0 3.832737
709.56 3.922966
709.62 3.971328
709.64 4.022311
709.66 3.969917
709.74 3.942448
710.38 4.020614
711.02 4.121638
711.42 4.207737
711.46 4.236418
711.48 4.270468
711.49 4.310234
711.5 4.314023
711.51 4.276686
711.55 4.239001
711.71 4.246047
712.35 4.374916
712.99 4.545214
713.31 4.656659
713.63 4.798636
713.95 4.995137
714.11 5.126792
714.27 5.293935
714.43 5.509175
714.51 5.642075
714.59 5.798256
714.67 5.98203
714.75 6.201991
714.83 6.468083
714.91 6.794767
714.95 6.987065
714.99 7.203223
715.03 7.447923
715.07 7.72715
715.11 8.049055
715.15 8.426124
715.17 8.637826
715.19 8.870684
715.21 9.12783
715.23 9.41408
715.25 9.736223
715.26 9.913689
715.27 10.0
715.52 10.0
715.53 9.891681
715.55 9.565147
715.57 9.276994
715.59 9.019631
715.61 8.78764
715.65 8.384619
715.69 8.0454
715.73 7.755537
715.77 7.505114
715.81 7.286798
715.85 7.095055
715.93 6.7759
716.01 6.523266
716.09 6.320797
716.17 6.157072
716.25 6.02382
716.41 5.825628
716.57 5.692468
716.73 5.607215
716.81 5.597168
716.83 5.615189
716.85 5.578867
716.93 5.536046
717.25 5.479906
717.57 5.476656
717.89 5.507872
718.05 5.54359
718.17 5.60909
718.21 5.664254
718.23 5.712196
718.25 5.791246
718.27 5.929539
718.28 6.054203
718.29 6.288406
718.3 6.386343
718.31 6.1028
718.32 5.966345
718.33 5.884101
718.34 5.831451
718.35 5.800852
718.36 5.790769
718.37 5.741529
718.39 5.693548
718.43 5.650037
718.51 5.624148
718.83 5.656229
719.47 5.808152
719.63 5.87846
719.67 5.910868
719.71 5.96451
719.73 6.009134
719.75 6.080127
719.76 6.134068
719.77 6.210979
719.78 6.333179
719.79 6.587246
719.81 6.268873
719.82 6.180366
719.84 6.081835
719.86 6.030102
719.9 5.982279
719.98 5.959515
720.3 6.015671
720.94 6.196817
722.22 6.620504
722.86 6.866348
723.18 7.029606
723.26 7.109614
723.3 7.183647
723.32 7.243164
723.34 7.334963
723.35 7.403768
723.36 7.502108
723.37 7.663155
723.38 7.788478
723.39 7.573529
723.4 7.461569
723.41 7.38966
723.43 7.302362
723.47 7.224553
723.55 7.188687
723.71 7.218245
724.35 7.478383
724.99 7.776225
725.63 8.099251
726.43 8.544741
726.59 8.660847
726.63 8.722071
726.64 8.756449
726.68 8.724649
726.76 8.746647
726.92 8.836171
727.08 8.953039
727.24 9.035964
727.88 9.468762
728.05 9.612297
728.06 9.650875
728.07 9.625636
728.23 9.717253
728.63 9.999329
777.91 10.0
778.03 9.988554
778.15 9.902424
778.19 9.896319
778.23 9.840898
778.55 9.586344
778.87 9.360075
779.19 9.153895
779.51 8.976884
779.59 8.95822
779.63 8.970498
779.65 8.99138
779.67 9.034058
779.69 9.1257
779.7 9.216293
779.71 9.39987
779.72 9.369162
779.73 9.18813
779.74 9.090229
779.76 8.978651
779.78 8.914074
779.82 8.838318
779.9 8.754428
780.22 8.551659
780.86 8.218413
781.82 7.783299
782.14 7.671048
782.22 7.657972
782.3 7.670765
782.34 7.703708
782.38 7.787808
782.4 7.876267
782.41 7.94544
782.42 8.046089
782.43 8.210811
782.44 8.41252
782.45 8.132974
782.46 7.989064
782.47 7.893776
782.49 7.771296
782.51 7.693175
782.55 7.599453
782.63 7.503502
782.79 7.402359
783.11 7.264829
783.51 7.122818
783.59 7.111661
783.63 7.128364
783.65 7.171094
783.66 7.254359
783.67 7.169604
783.69 7.108839
783.73 7.061741
783.89 6.984864
784.37 6.838746
784.53 6.832779
784.57 6.852188
784.61 6.90051
784.63 6.948138
784.65 7.029219
784.66 7.092462
784.67 7.183403
784.68 7.327887
784.69 7.63577
784.7 7.379842
784.71 7.204207
784.72 7.095849
784.74 6.963389
784.76 6.884322
784.8 6.793889
784.88 6.707139
785.04 6.622094
785.36 6.512714
785.52 6.472336
785.6 6.471649
785.64 6.506815
785.66 6.558086
785.67 6.524377
785.69 6.523605
785.71 6.461631
785.75 6.418779
785.91 6.349188
787.19 5.998486
788.47 5.693511
788.87 5.617344
789.19 5.537171
790.47 5.286463
791.11 5.180074
791.27 5.177857
791.29 5.193871
791.33 5.159661
791.65 5.077172
791.97 5.018571
792.21 4.99412
792.25 5.018427
792.26 5.04469
792.3 4.987461
792.46 4.93861
792.94 4.882567
793.02 4.901893
793.04 4.921523
793.06 4.967608
793.08 4.929192
793.12 4.936031
793.14 4.959427
793.16 5.003572
793.18 5.089029
793.19 5.164117
793.2 5.288865
793.21 5.560426
793.22 5.419067
793.23 5.225222
793.24 5.120611
793.25 5.052869
793.27 4.969918
793.31 4.891041
793.39 4.833623
793.55 4.775294
794.51 4.623187
794.65 4.621736
794.67 4.626166
794.75 4.591828
796.03 4.423425
798.59 4.142612
798.67 4.149971
798.71 4.17058
798.73 4.196532
798.75 4.260203
798.76 4.360805
798.77 4.275729
798.78 4.224655
798.8 4.176529
798.84 4.136979
799.0 4.093155
799.32 4.059038
799.38 4.077449
799.46 4.043133
800.0 3.98332
