50.0 0.1433096
51.28 0.2135673
51.92 0.2844622
52.0 0.3008227
52.02 0.3222619
52.06 0.3080933
52.38 0.3665989
52.53 0.4248252
52.54 0.456844
52.56 0.4287852
52.72 0.4562492
52.96 0.5525869
53.04 0.6166703
53.06 0.6711393
53.07 0.7133378
53.08 0.6578358
53.12 0.638322
53.28 0.6969551
53.44 0.8092371
53.52 0.8973767
53.56 0.9697867
53.58 1.042862
53.59 1.138248
53.6 1.18047
53.61 1.078065
53.63 1.032626
53.67 1.022116
53.75 1.056985
53.83 1.121463
53.91 1.212967
53.99 1.338877
54.03 1.422375
54.07 1.534272
54.09 1.615475
54.1 1.671362
54.11 1.749595
54.12 1.885473
54.13 3.046874
54.14 1.92019
54.15 1.813797
54.16 1.763822
54.18 1.719142
54.22 1.702228
54.3 1.754582
54.38 1.865286
54.46 2.031458
54.5 2.141226
54.54 2.275123
54.58 2.445349
54.6 2.55356
54.62 2.690769
54.63 2.778575
54.64 2.889572
54.65 3.044704
54.66 3.296298
54.67 4.335911
54.68 3.444308
54.69 3.193073
54.7 3.074184
54.71 3.003781
54.73 2.928201
54.75 2.894474
54.79 2.88407
54.83 2.914872
54.87 2.974755
54.91 3.061088
54.95 3.169835
54.99 3.308135
55.03 3.47945
55.07 3.691293
55.11 3.9596
55.13 4.125528
55.15 4.325392
55.17 4.58008
55.18 4.74258
55.19 4.948447
55.2 5.231943
55.21 5.695871
55.22 7.413919
55.23 5.989032
55.24 5.505727
55.25 5.269245
55.26 5.124134
55.27 5.026648
55.29 4.908381
55.31 4.846709
55.33 4.817902
55.37 4.821977
55.41 4.885427
55.45 4.992841
55.49 5.146819
55.53 5.349664
55.57 5.607239
55.61 5.929365
55.63 6.120493
55.65 6.33607
55.67 6.583358
55.69 6.869241
55.71 7.208939
55.72 7.410646
55.73 7.642686
55.74 7.917954
55.75 8.258747
55.76 8.713195
55.77 9.40579
55.78 10.0
55.79 10.0
55.8 9.457616
55.81 8.979308
55.82 8.689813
55.83 8.495264
55.84 8.357267
55.85 8.256588
55.87 8.127583
55.89 8.062806
55.91 8.042184
55.93 8.055547
55.97 8.159675
55.99 8.247225
56.01 8.359021
56.03 8.494778
56.05 8.655236
56.07 8.841956
56.09 9.057301
56.11 9.30442
56.13 9.588145
56.15 9.913452
56.16 10.0
63.34 10.0
63.35 9.983946
63.39 9.858302
63.41 9.830977
63.43 9.835899
63.45 9.876896
63.48 10.0
63.61 10.0
63.63 9.399545
63.65 8.910778
63.67 8.516172
63.69 8.186133
63.71 7.9023
63.73 7.653922
63.75 7.434641
63.77 7.24013
63.81 6.914397
63.85 6.661769
63.89 6.474935
63.93 6.343239
63.97 6.273281
63.99 6.264703
64.01 6.27669
64.03 6.314913
64.05 6.389678
64.07 6.52294
64.08 6.626012
64.09 6.769973
64.1 6.982449
64.11 7.328887
64.12 8.057419
64.13 9.341731
64.14 7.496545
64.15 6.899416
64.16 6.532586
64.17 6.255762
64.18 6.038951
64.19 5.858273
64.21 5.564263
64.23 5.326724
64.25 5.125872
64.27 4.951327
64.31 4.660319
64.35 4.427882
64.39 4.242509
64.43 4.097026
64.47 3.98519
64.51 3.911271
64.55 3.86927
64.59 3.874978
64.61 3.91009
64.63 3.986202
64.64 4.05222
64.65 4.153212
64.66 4.32211
64.67 4.675097
64.68 5.979957
64.69 4.479902
64.7 4.124441
64.71 3.912046
64.72 3.759179
64.73 3.638569
64.75 3.450976
64.77 3.303324
64.81 3.07279
64.85 2.893061
64.89 2.746403
64.97 2.526772
65.05 2.384558
65.09 2.341582
65.13 2.322601
65.17 2.3491
65.19 2.406178
65.2 2.46421
65.21 2.575283
65.22 2.913722
65.23 2.771818
65.24 2.48013
65.25 2.343841
65.26 2.253225
65.28 2.128172
65.32 1.964025
65.36 1.84488
65.44 1.669495
65.52 1.541404
65.6 1.453363
65.68 1.405197
65.72 1.412593
65.74 1.447411
65.75 1.493309
65.76 1.63388
65.77 1.607284
65.78 1.4535
65.79 1.386936
65.81 1.309836
65.85 1.218633
65.93 1.10067
66.01 1.015317
66.17 0.9026749
66.25 0.8777375
66.27 0.8830195
66.29 0.9157934
66.3 1.031871
66.31 0.9262052
66.32 0.8757298
66.36 0.8042975
66.52 0.6841931
66.76 0.5873442
66.82 0.5877986
66.84 0.6236541
66.85 0.5813186
66.93 0.5246156
67.25 0.4310831
67.36 0.4248944
67.37 0.4651278
67.38 0.4171847
67.54 0.3690205
67.86 0.3199749
67.9 0.3303685
67.94 0.3095456
68.58 0.2444554
69.86 0.1754493
72.42 0.1132793
77.54 0.06968892
87.78 0.04827392
101.7 0.06171622
101.74 0.07469687
101.9 0.05494436
109.58 0.07932903
110.78 0.09472752
110.84 0.1184489
110.92 0.09267321
113.48 0.130885
114.76 0.1898388
115.4 0.2450199
116.04 0.3397542
116.36 0.4146383
116.68 0.5216222
117.0 0.6810915
117.16 0.7914016
117.32 0.9314326
117.48 1.112357
117.64 1.350458
117.72 1.498235
117.8 1.670528
117.88 1.872697
117.96 2.111606
118.04 2.396193
118.12 2.738345
118.16 2.935856
118.2 3.154302
118.24 3.396802
118.28 3.667196
118.32 3.97042
118.36 4.314275
118.4 4.696236
118.44 5.135046
118.48 5.642568
118.5 5.927445
118.52 6.236959
118.54 6.574988
118.56 6.946509
118.58 7.358109
118.6 7.818801
118.62 8.341458
118.63 8.631711
118.64 8.945464
118.65 9.287021
118.66 9.662056
118.67 10.0
118.83 10.0
118.84 9.67826
118.85 9.299737
118.86 8.955207
118.87 8.63886
118.88 8.346344
118.9 7.819894
118.92 7.356126
118.94 6.941965
118.96 6.568265
118.98 6.228356
119.0 5.917206
119.02 5.630932
119.06 5.12062
119.1 4.678637
119.14 4.292055
119.18 3.951157
119.22 3.648666
119.26 3.379399
119.3 3.13659
119.34 2.917143
119.42 2.540057
119.5 2.228552
119.58 1.96848
119.66 1.749457
119.74 1.563625
119.82 1.404899
119.98 1.150546
120.14 0.9585849
120.3 0.8109398
120.46 0.6953674
120.78 0.5295037
121.1 0.4190406
121.42 0.3422549
122.06 0.2459886
122.7 0.1908369
123.98 0.1415854
124.06 0.1566929
124.09 0.1822769
124.13 0.1483828
124.45 0.123525
125.33 0.1165063
125.39 0.1446954
125.47 0.1133337
128.03 0.08436592
136.83 0.07891662
141.95 0.08303479
142.11 0.09690858
142.15 0.1152124
142.17 0.143045
142.21 0.1086152
142.37 0.08469948
144.77 0.08561197
144.91 0.1036842
145.11 0.08483023
154.07 0.1058569
159.19 0.1122173
164.87 0.1481874
164.95 0.1712834
165.03 0.1497618
165.67 0.1601394
165.75 0.1863269
165.78 0.2337069
165.82 0.1860749
165.9 0.1618421
168.46 0.1770826
171.02 0.2216012
173.58 0.3046459
174.86 0.3743762
175.42 0.4242446
176.06 0.475583
176.7 0.5493777
177.34 0.6476056
177.98 0.7799195
178.62 0.9629245
178.94 1.081011
179.26 1.223367
179.58 1.396312
179.9 1.608509
180.22 1.871007
180.54 2.199112
180.7 2.393697
180.86 2.612462
181.02 2.858768
181.18 3.136027
181.34 3.448301
181.5 3.79947
181.66 4.19326
181.82 4.63274
181.98 5.119533
182.14 5.652894
182.3 6.226972
182.62 7.443979
182.78 8.033754
182.86 8.305906
182.94 8.553678
183.02 8.769303
183.1 8.944911
183.18 9.074033
183.26 9.158977
183.3 9.214433
183.31 9.370793
183.32 9.209015
183.36 9.137567
183.44 9.022618
183.52 8.866621
183.6 8.6684
183.68 8.434936
183.84 7.893794
184.16 6.696278
184.32 6.125812
184.36 6.010799
184.38 5.975563
184.4 5.865732
184.48 5.561294
184.64 5.042287
184.74 4.758848
184.82 4.521566
184.98 4.103754
185.14 3.732773
185.3 3.40249
185.46 3.108855
185.62 2.847801
185.78 2.614763
185.94 2.40767
186.26 2.058099
186.58 1.777944
186.9 1.551388
187.22 1.366591
187.54 1.21396
187.86 1.087545
188.5 0.8908586
189.14 0.7485033
189.78 0.642401
191.06 0.4985826
192.34 0.4093237
192.98 0.3778188
193.34 0.3769466
193.98 0.3388762
195.26 0.3083129
195.38 0.3312418
195.42 0.3807886
195.43 0.4336294
195.44 0.3824252
195.48 0.3296352
195.64 0.3006448
195.72 0.3155491
195.8 0.2932862
198.36 0.2441638
208.36 0.194598
208.6 0.2161725
208.64 0.258046
208.68 0.2182374
208.84 0.1954911
210.76 0.1995812
210.8 0.2116757
210.96 0.1898259
214.8 0.190092
214.92 0.2084683
214.96 0.240554
215.0 0.2048967
215.32 0.1863546
225.56 0.2050554
225.88 0.2099181
226.04 0.2287348
226.36 0.2072651
228.92 0.1974627
229.56 0.2086997
230.84 0.2014062
231.16 0.215358
231.24 0.2472829
231.27 0.2970558
231.28 0.3470274
231.3 0.279101
231.34 0.2351991
231.5 0.2070564
233.42 0.2106825
233.9 0.2353526
233.94 0.2530495
234.1 0.2241007
235.38 0.212243
235.62 0.2393128
235.68 0.2929717
235.7 0.3537238
235.71 0.4513893
235.72 0.3521778
235.74 0.2924917
235.78 0.2494703
235.94 0.2168036
236.9 0.2170176
237.06 0.2428675
237.1 0.2712458
237.12 0.302315
237.14 0.3759045
237.15 0.3924529
237.16 0.3372678
237.18 0.2879437
237.22 0.2492317
237.38 0.2182836
238.66 0.2157641
238.98 0.2371377
239.02 0.2526407
239.06 0.2916346
239.08 0.3427419
239.09 0.4026959
239.11 0.3303028
239.13 0.2866171
239.17 0.2515874
239.33 0.2241479
241.89 0.2297807
242.21 0.2515009
242.25 0.2682257
242.29 0.3113584
242.31 0.3718157
242.32 0.4267619
242.33 0.3595407
242.35 0.306484
242.39 0.2662649
242.55 0.2341084
243.19 0.2302007
243.35 0.2486043
243.39 0.2669671
243.43 0.3118534
243.44 0.3381983
243.45 0.3867604
243.46 0.3709668
243.48 0.3065467
243.52 0.2632834
243.68 0.231001
244.08 0.2288985
244.16 0.2521124
244.24 0.2279965
246.8 0.2241789
247.72 0.2398818
247.76 0.2643971
247.84 0.2368194
248.0 0.2395439
248.12 0.2706459
248.16 0.3215906
248.17 0.3519652
248.18 0.4109357
248.21 0.3145361
248.25 0.2686153
248.41 0.2362428
249.37 0.2340006
249.69 0.2583217
249.73 0.2749084
249.77 0.3181055
249.79 0.3783753
249.8 0.3373255
249.84 0.2918128
249.88 0.2872149
249.92 0.3074428
249.95 0.3640068
249.96 0.4191039
249.98 0.3428227
250.02 0.2851316
250.1 0.2540703
250.74 0.2363887
251.06 0.2387689
258.1 0.252158
258.2 0.2750051
258.28 0.254988
258.6 0.2685776
258.68 0.3086858
258.7 0.3423413
258.71 0.376357
258.72 0.3889405
258.74 0.3263567
258.78 0.2865549
258.94 0.2570961
262.78 0.2655195
262.82 0.2729105
262.86 0.3018019
262.9 0.2721072
263.22 0.263389
263.54 0.2749496
263.62 0.2966123
263.66 0.333698
263.68 0.3840075
263.69 0.4466941
263.71 0.3673431
263.73 0.3271925
263.77 0.295532
264.09 0.2661712
264.89 0.2777381
264.93 0.2918847
265.09 0.2702047
267.01 0.2786883
267.21 0.3068584
267.25 0.3467703
267.27 0.385678
267.29 0.3353686
267.33 0.3033261
267.49 0.2791322
272.61 0.2839591
272.93 0.3002821
273.01 0.3370544
273.04 0.3959878
273.05 0.4602999
273.06 0.4034274
273.08 0.3523901
273.12 0.3168521
273.28 0.2908037
273.92 0.2867988
274.4 0.3038973
274.44 0.31853
274.48 0.3703098
274.5 0.3315932
274.58 0.3002063
275.86 0.2938166
276.34 0.3060831
276.66 0.2985953
276.9 0.3170737
276.92 0.3355171
277.0 0.3042925
279.4 0.3069648
279.48 0.3298385
279.64 0.3044481
279.88 0.3119119
282.76 0.3162725
282.84 0.3415051
282.92 0.3164729
285.48 0.3222395
285.96 0.3446143
286.04 0.3781697
286.06 0.4005987
286.09 0.4772981
286.1 0.4464837
286.12 0.4362562
286.14 0.4627971
286.16 0.5218414
286.17 0.4634988
286.19 0.4146478
286.23 0.3813459
286.27 0.3806967
286.29 0.3985913
286.37 0.3483815
286.69 0.3282239
287.97 0.3294369
288.77 0.346347
288.89 0.3815779
288.93 0.4300977
288.95 0.4955543
288.96 0.5657322
288.97 0.4872278
288.99 0.42833
289.03 0.38172
289.11 0.3533662
289.75 0.3364333
290.95 0.3463544
292.87 0.3518609
293.11 0.3776621
293.15 0.4081372
293.17 0.4611201
293.19 0.4121116
293.23 0.3796706
293.39 0.3587887
293.47 0.3598952
293.55 0.3801577
293.63 0.3583684
297.47 0.3721794
298.43 0.3945772
298.47 0.4076959
298.63 0.3887131
299.91 0.3866605
300.63 0.4055629
300.69 0.4356778
300.73 0.4092962
301.05 0.4002817
301.61 0.4220021
301.73 0.457861
301.77 0.5043786
301.79 0.55724
301.8 0.6050672
301.81 0.6965033
301.82 0.6505353
301.83 0.5829562
301.85 0.5164543
301.89 0.4618493
301.97 0.4276603
302.29 0.4079707
302.93 0.4143571
303.09 0.439505
303.13 0.4682137
303.15 0.5027984
303.16 0.5387817
303.17 0.5379506
303.19 0.4821375
303.23 0.4449517
303.39 0.4174714
308.51 0.4607496
309.95 0.4898068
310.07 0.5198461
310.15 0.4955522
312.71 0.5443199
315.27 0.6363146
315.75 0.6771353
315.83 0.7154619
315.86 0.769397
315.87 0.8169343
315.88 0.819462
315.89 0.7724542
315.91 0.733032
315.95 0.7050533
316.11 0.6975284
316.19 0.7095174
316.27 0.7449375
316.31 0.8080582
316.33 0.8787054
316.34 0.8246966
316.36 0.7780135
316.4 0.7428132
316.56 0.7238641
316.68 0.7470972
316.84 0.7381611
317.16 0.7714366
317.2 0.7852691
317.36 0.7822044
318.0 0.8498022
318.64 0.9437693
319.28 1.076488
319.76 1.220052
319.92 1.30101
319.96 1.347341
319.98 1.39449
319.99 1.440222
320.0 1.465876
320.01 1.416144
320.03 1.37844
320.07 1.359802
320.23 1.399713
321.51 1.999008
321.83 2.192519
322.15 2.453406
322.31 2.612182
322.47 2.79579
322.63 3.005409
322.79 3.245044
322.95 3.518803
323.11 3.831393
323.27 4.187902
323.43 4.593645
323.59 5.053994
323.75 5.573388
323.91 6.150786
324.07 6.788356
324.23 7.477156
324.55 8.922329
324.71 9.597392
324.82 9.998155
325.45 9.996129
325.53 9.708978
325.61 9.389467
325.77 8.691491
326.09 7.256255
326.25 6.588676
326.41 5.979167
326.57 5.436569
326.65 5.177616
326.73 4.944146
326.81 4.744559
326.85 4.677028
326.88 4.675285
326.89 4.704228
326.9 4.797115
326.91 4.667108
326.92 4.580252
326.94 4.465691
326.98 4.312053
327.06 4.088343
327.22 3.72906
327.38 3.423403
327.54 3.156723
327.7 2.925566
327.82 2.787904
327.84 2.784589
327.92 2.651088
328.08 2.466653
328.4 2.168744
328.72 1.931844
329.04 1.74073
329.36 1.58481
329.68 1.456351
330.32 1.259677
330.96 1.119738
331.6 1.017838
332.24 0.9447928
332.56 0.9335382
332.64 0.9597749
332.68 1.014206
332.69 1.045476
332.7 1.101875
332.71 1.093877
332.72 1.04078
332.74 0.9899535
332.78 0.9498094
332.82 0.938371
332.86 0.9488778
332.88 0.9814534
332.92 0.924379
333.08 0.878378
333.72 0.8276524
335.0 0.7743478
335.24 0.7843521
335.27 0.8153331
335.31 0.7794436
335.95 0.7444636
338.51 0.6943813
342.99 0.6892858
343.15 0.7058844
343.18 0.7313327
343.22 0.7311622
343.24 0.7575506
343.26 0.7229006
343.34 0.6981011
345.74 0.70641
350.86 0.7754687
351.5 0.7972287
351.66 0.8162709
351.98 0.8096935
352.22 0.8413451
352.26 0.8662129
352.3 0.9315991
352.31 0.9685467
352.32 1.035989
352.33 1.019406
352.34 0.9612568
352.36 0.9058326
352.4 0.8618816
352.48 0.8395646
352.56 0.8493175
352.59 0.8806523
352.63 0.8481202
352.71 0.8420932
352.75 0.8529667
352.79 0.8900819
352.8 0.912924
352.81 0.956768
352.82 0.9592364
352.83 0.913647
352.85 0.8750063
352.93 0.8356529
353.57 0.8307901
354.85 0.871177
354.97 0.900495
355.01 0.9493614
355.02 0.9723456
355.04 0.9250822
355.12 0.8868969
355.76 0.8899084
357.04 0.9340253
357.52 0.974044
357.56 0.9908203
357.6 1.031838
357.62 1.088666
357.63 1.178492
357.64 1.087959
357.66 1.033915
357.7 0.9967889
357.86 0.9759346
358.02 0.9835617
358.14 1.011172
358.18 1.054146
358.19 1.082483
358.2 1.158162
358.21 1.082032
358.23 1.039591
358.31 1.004108
358.63 1.021276
358.75 1.06982
358.79 1.111547
358.81 1.154528
358.83 1.233269
358.84 1.304374
358.85 1.43974
358.86 1.382202
358.87 1.278032
358.89 1.178134
358.91 1.127914
358.95 1.079711
359.03 1.047463
359.35 1.041048
359.51 1.056548
359.59 1.085672
359.63 1.14101
359.64 1.177895
359.65 1.27124
359.66 1.175479
359.68 1.120414
359.72 1.084754
359.88 1.066263
361.48 1.157791
361.64 1.189323
361.67 1.23126
361.69 1.198351
361.85 1.184384
363.13 1.288946
363.41 1.33803
363.45 1.375627
363.46 1.40005
363.47 1.450856
363.48 1.397806
363.52 1.354381
363.68 1.348662
364.16 1.407192
364.32 1.460148
364.36 1.493786
364.4 1.570047
364.42 1.62567
364.43 1.674698
364.44 1.755647
364.45 1.965322
364.46 1.754511
364.47 1.674367
364.49 1.591091
364.53 1.521297
364.61 1.482117
364.93 1.493981
365.57 1.58597
366.21 1.708748
366.53 1.790882
366.69 1.860095
366.73 1.901108
366.76 1.973375
366.78 2.070774
366.79 1.999243
366.81 1.946385
366.85 1.916645
367.01 1.941036
367.33 2.077458
367.49 2.170178
367.65 2.288437
367.81 2.443038
367.97 2.655606
368.05 2.795073
368.13 2.967371
368.21 3.187092
368.25 3.322329
368.29 3.481658
368.33 3.67652
368.37 3.909232
368.39 4.053737
368.41 4.225444
368.43 4.437623
368.44 4.566414
368.45 4.717612
368.46 4.901097
368.47 5.134844
368.48 5.45857
368.49 6.015331
368.5 7.082831
368.51 5.776649
368.52 5.341465
368.53 5.061654
368.54 4.853465
368.55 4.687836
368.57 4.43293
368.59 4.23921
368.61 4.082799
368.65 3.83887
368.69 3.652568
368.73 3.503605
368.77 3.381225
368.85 3.193139
368.93 3.066603
368.95 3.05711
368.99 2.979654
369.07 2.889108
369.23 2.776792
369.39 2.717428
369.55 2.691919
369.87 2.704386
370.19 2.769544
370.51 2.869514
370.83 3.00273
370.95 3.080925
370.99 3.135886
371.01 3.194697
371.02 3.260206
371.04 3.193758
371.06 3.162495
371.1 3.149329
371.26 3.20403
371.58 3.376682
371.9 3.578249
372.22 3.807137
372.54 4.066294
372.86 4.360139
373.18 4.693897
373.5 5.07449
373.82 5.510637
374.14 6.013592
374.3 6.294459
374.46 6.596551
374.62 6.923705
374.78 7.27875
374.94 7.667775
375.02 7.880414
375.1 8.120987
375.14 8.275376
375.16 8.384254
375.17 8.464028
375.18 8.587209
375.19 8.509518
375.21 8.489954
375.25 8.549311
375.33 8.755439
375.49 9.251911
375.65 9.807311
375.7 9.992263
384.75 10.0
384.91 9.464602
385.07 8.972708
385.23 8.52151
385.39 8.106269
385.55 7.723268
385.71 7.369195
385.87 7.040436
386.03 6.734857
386.35 6.18632
386.67 5.711137
386.83 5.499024
386.99 5.306969
387.07 5.234881
387.1 5.241254
387.12 5.18556
387.2 5.085121
387.26 5.054362
387.29 5.086782
387.31 5.006993
387.35 4.927961
387.51 4.738024
387.83 4.438961
388.15 4.181614
388.47 3.956912
388.79 3.761194
389.11 3.591772
389.43 3.44648
390.71 2.988244
391.35 2.732044
391.99 2.508042
392.47 2.385223
392.55 2.385883
392.61 2.42839
392.63 2.476956
392.64 2.52354
392.65 2.615415
392.66 2.587844
392.67 2.504536
392.69 2.425724
392.73 2.358484
392.81 2.304925
393.13 2.212699
393.77 2.084192
394.89 1.91348
395.05 1.914699
395.07 1.918417
395.15 1.883305
395.79 1.804124
396.43 1.756855
396.47 1.766639
396.51 1.804521
396.52 1.831997
396.53 1.894955
396.54 1.825928
396.56 1.782118
396.64 1.736131
396.96 1.706602
397.0 1.718347
397.03 1.759952
397.05 1.718275
397.13 1.687151
398.41 1.588664
399.85 1.524094
400.01 1.549497
400.05 1.587532
400.08 1.662952
400.09 1.617867
400.11 1.576073
400.15 1.541029
400.31 1.506982
400.95 1.49154
401.11 1.51691
401.15 1.540165
401.19 1.604333
401.2 1.639621
401.22 1.759906
401.23 1.667725
401.25 1.592649
401.29 1.53646
401.37 1.504627
401.53 1.497408
401.69 1.518671
401.73 1.544076
401.74 1.599844
401.75 1.543911
401.83 1.514547
401.93 1.519167
402.01 1.490172
402.17 1.485527
402.29 1.525084
402.33 1.575189
402.35 1.624958
402.37 1.715782
402.38 1.795983
402.39 1.939598
402.4 1.952695
402.41 1.800739
402.42 1.716803
402.44 1.621457
402.48 1.534981
402.56 1.474834
402.72 1.439709
403.68 1.399808
403.8 1.413924
403.84 1.447422
403.88 1.409875
404.2 1.384015
406.76 1.349426
408.04 1.357044
408.12 1.367546
408.2 1.397621
408.24 1.440617
408.27 1.522855
408.28 1.580071
408.29 1.688991
408.3 1.660646
408.31 1.568049
408.33 1.480549
408.37 1.412243
408.45 1.371159
408.77 1.34734
411.33 1.353241
412.93 1.389226
412.99 1.413678
413.01 1.45087
413.05 1.40248
413.21 1.382227
413.85 1.396297
414.09 1.43357
414.17 1.492729
414.19 1.526807
414.21 1.582103
414.23 1.683288
414.24 1.773919
414.25 1.941663
414.26 1.919818
414.27 1.764061
414.28 1.67779
414.3 1.580556
414.32 1.527344
414.36 1.473197
414.44 1.433113
414.76 1.409962
416.04 1.435567
417.32 1.48108
418.6 1.548099
419.88 1.657047
420.52 1.74237
420.76 1.797517
420.8 1.828785
420.84 1.809119
421.16 1.863885
421.48 1.947987
421.8 2.057334
422.12 2.201276
422.44 2.399224
422.6 2.527307
422.76 2.681151
422.92 2.869548
423.08 3.103466
423.24 3.398295
423.32 3.575851
423.4 3.77908
423.48 4.015543
423.56 4.301895
423.6 4.480746
423.62 4.589846
423.64 4.72701
423.65 4.816727
423.66 4.939221
423.67 5.159163
423.68 5.013278
423.69 4.98042
423.71 4.990441
423.73 5.04169
423.77 5.197401
423.81 5.391467
423.85 5.612298
423.89 5.857273
423.93 6.126677
423.97 6.422104
424.01 6.745962
424.05 7.101319
424.09 7.491894
424.13 7.922114
424.17 8.397272
424.21 8.923674
424.25 9.508914
424.28 9.991942
425.25 9.991746
425.29 9.362542
425.33 8.799931
425.37 8.29408
425.41 7.837513
425.45 7.424013
425.49 7.04826
425.53 6.706063
425.57 6.393651
425.61 6.107806
425.65 5.845741
425.73 5.383567
425.81 4.991166
425.89 4.656407
425.97 4.37104
426.01 4.246635
426.05 4.142411
426.07 4.12481
426.09 4.029126
426.17 3.806647
426.25 3.626549
426.41 3.33335
426.57 3.105976
426.73 2.927944
426.89 2.789767
426.97 2.738887
426.99 2.741284
427.07 2.661143
427.23 2.559642
427.55 2.414228
427.87 2.320094
427.95 2.314175
428.11 2.267203
428.59 2.212637
428.71 2.232364
428.75 2.268572
428.77 2.313218
428.78 2.35583
428.79 2.444639
428.81 2.327001
428.83 2.270915
428.87 2.224485
428.95 2.193566
429.27 2.171793
429.35 2.177346
429.41 2.204578
429.42 2.229197
429.44 2.195564
429.52 2.172309
429.84 2.170438
430.16 2.196006
430.24 2.222418
430.28 2.256975
430.3 2.292174
430.32 2.363903
430.33 2.445934
430.34 2.421061
430.35 2.353596
430.37 2.290965
430.41 2.242353
430.49 2.216146
430.81 2.221321
431.45 2.277435
432.09 2.358013
432.73 2.461679
433.37 2.593941
434.01 2.762347
434.65 2.983984
434.97 3.122221
435.29 3.286286
435.61 3.483724
435.93 3.725785
436.25 4.02827
436.41 4.208823
436.57 4.412462
436.73 4.642275
436.89 4.90002
437.05 5.186072
437.21 5.500628
437.37 5.860936
437.41 5.973094
437.45 6.125586
437.47 6.245344
437.48 6.33634
437.49 6.489626
437.5 6.461263
437.51 6.377949
437.52 6.339651
437.54 6.314555
437.58 6.34192
437.66 6.487708
437.74 6.673121
437.9 7.107695
437.98 7.35478
438.06 7.622851
438.14 7.912794
438.22 8.225216
438.3 8.560593
438.38 8.922068
438.46 9.321849
438.48 9.463838
438.5 9.513999
438.58 9.87069
438.61 10.0
439.91 10.0
440.07 9.451684
440.15 9.200681
440.23 8.971493
440.31 8.764324
440.39 8.579774
440.47 8.415695
440.63 8.150328
440.79 7.963638
440.95 7.849387
441.11 7.810675
441.19 7.831181
441.23 7.862101
441.27 7.925675
441.29 7.984626
441.31 8.085717
441.32 8.168784
441.33 8.301925
441.34 8.634999
441.35 8.32156
441.36 8.189313
441.37 8.11035
441.39 8.020155
441.41 7.973319
441.45 7.935064
441.53 7.940282
441.61 7.986872
441.77 8.141425
441.93 8.362734
442.01 8.506633
442.05 8.597161
442.09 8.724585
442.11 8.838788
442.12 8.900347
442.13 8.849828
442.15 8.827141
442.19 8.857602
442.27 8.996152
442.43 9.356786
442.59 9.77304
442.67 9.994484
452.69 10.0
452.85 9.532652
453.01 9.096121
453.17 8.697295
453.33 8.330363
453.49 7.992896
453.73 7.538738
453.79 7.455985
453.83 7.365157
453.99 7.094877
454.31 6.621877
454.47 6.411718
454.63 6.229235
454.67 6.213918
454.71 6.134726
454.87 5.942579
455.19 5.61755
455.51 5.334379
455.83 5.084863
456.15 4.86452
456.47 4.66974
456.79 4.497858
457.11 4.352214
457.27 4.309365
457.31 4.313536
457.35 4.33999
457.37 4.373196
457.39 4.438187
457.4 4.497632
457.41 4.604998
457.42 4.62212
457.43 4.495522
457.44 4.423825
457.46 4.33891
457.5 4.253357
457.58 4.174968
457.74 4.090744
458.38 3.865831
459.02 3.692233
459.66 3.55336
460.3 3.444735
460.94 3.35918
461.9 3.266439
462.22 3.265374
462.3 3.297292
462.34 3.363002
462.35 3.401562
462.36 3.472263
462.37 3.481472
462.38 3.404697
462.4 3.336644
462.44 3.283257
462.52 3.249699
462.84 3.22855
463.0 3.241031
463.08 3.269947
463.12 3.307631
463.14 3.342751
463.16 3.403297
463.17 3.453154
463.18 3.532963
463.19 3.710456
463.2 3.527903
463.21 3.45497
463.23 3.383816
463.25 3.356401
463.27 3.307766
463.31 3.266595
463.39 3.236719
463.71 3.226332
463.78 3.250396
463.86 3.225962
464.06 3.239336
464.1 3.278518
464.11 3.304394
464.13 3.258246
464.21 3.225775
464.85 3.230801
465.49 3.248976
466.13 3.286875
466.45 3.336486
466.53 3.371212
466.57 3.407867
466.61 3.489857
466.62 3.530355
466.63 3.592805
466.64 3.720656
466.65 3.617165
466.66 3.54818
466.68 3.477279
466.72 3.419133
466.8 3.389535
466.96 3.394046
467.28 3.448778
467.6 3.533924
467.76 3.602042
467.84 3.664383
467.88 3.721352
467.9 3.76692
467.92 3.836616
467.94 3.957388
467.95 4.06028
467.96 4.237337
467.97 4.371625
467.98 4.131345
467.99 4.012616
468.0 3.938725
468.02 3.852217
468.04 3.806076
468.08 3.765294
468.16 3.756795
468.24 3.783969
468.32 3.842957
468.36 3.90686
468.38 3.969806
468.39 4.025207
468.4 4.128548
468.41 4.025497
468.43 3.956773
468.47 3.915902
468.55 3.920186
468.71 3.996128
468.87 4.103047
469.03 4.253455
469.07 4.319849
469.09 4.376463
469.1 4.426264
469.11 4.426706
469.13 4.387398
469.17 4.386674
469.25 4.454346
469.29 4.511008
469.33 4.597941
469.35 4.588473
469.39 4.62097
469.43 4.684777
469.45 4.733928
469.47 4.813278
469.48 4.890531
469.5 4.826597
469.52 4.803436
469.56 4.812225
469.64 4.89185
469.72 5.0001
469.8 5.12888
469.88 5.294389
469.92 5.424954
469.94 5.538541
469.95 5.642032
469.96 5.633557
469.97 5.577278
469.99 5.539543
470.03 5.549389
470.11 5.658224
470.27 5.955045
470.59 6.598725
470.75 6.877184
470.88 7.07802
470.89 7.120604
470.9 7.107358
470.94 7.175795
470.96 7.239295
470.97 7.287377
470.98 7.360651
470.99 7.516808
471.0 7.383396
471.01 7.308314
471.03 7.230385
471.07 7.162663
471.39 6.939667
471.55 6.822227
471.71 6.725875
471.87 6.669172
472.03 6.663318
472.19 6.719394
472.27 6.785378
472.29 6.818905
472.3 6.855212
472.32 6.832272
472.4 6.881424
472.48 6.969248
472.56 7.078811
472.64 7.210568
472.72 7.367608
472.8 7.568079
472.84 7.707551
472.86 7.803804
472.88 7.945292
472.89 8.059977
472.9 8.227989
472.91 8.084667
472.92 8.030857
472.94 7.99703
472.98 8.030763
473.02 8.114914
473.08 8.290864
473.12 8.39391
473.2 8.654702
473.28 8.949557
473.36 9.27385
473.44 9.62697
473.52 10.0
475.8 10.0
475.88 9.605447
475.92 9.430823
475.96 9.289747
475.98 9.246735
476.0 9.24938
476.01 9.293036
476.02 9.458818
476.03 9.217702
476.04 9.077761
476.06 8.89072
476.08 8.751929
476.12 8.531134
476.2 8.174032
476.28 7.86451
476.36 7.583959
476.52 7.088899
476.68 6.665687
476.84 6.302891
477.0 5.993085
477.16 5.735194
477.2 5.693971
477.24 5.611949
477.4 5.379137
477.56 5.182945
477.72 5.013635
477.88 4.861917
478.2 4.621281
478.52 4.428671
478.84 4.283391
479.16 4.170474
479.36 4.127231
479.4 4.144692
479.44 4.107026
479.6 4.067486
479.62 4.071139
479.78 4.023748
479.94 4.005516
480.02 4.021427
480.06 4.001507
480.14 4.020947
480.16 4.050441
480.17 4.080246
480.18 4.145015
480.2 4.057096
480.22 4.014737
480.26 3.978808
480.42 3.942468
480.58 3.956288
480.62 3.979043
480.66 4.032166
480.68 4.087717
480.69 4.131812
480.7 4.197342
480.71 4.309621
480.72 4.398904
480.73 4.237905
480.74 4.15503
480.76 4.063638
480.8 3.982472
480.88 3.928425
481.04 3.914258
481.12 3.945671
481.16 4.000568
481.18 4.064435
481.19 4.124882
481.2 4.223026
481.21 4.111004
481.23 4.021942
481.27 3.951863
481.35 3.914515
481.43 3.91732
481.51 3.960599
481.55 4.024635
481.57 4.087175
481.59 4.198678
481.6 4.292965
481.61 4.447774
481.62 4.854217
481.63 4.453285
481.64 4.294908
481.65 4.198622
481.67 4.084402
481.69 4.019696
481.73 3.951628
481.81 3.898767
481.97 3.868142
482.61 3.868236
483.25 3.916566
483.89 4.01162
484.21 4.082636
484.53 4.175869
484.85 4.297154
485.17 4.462293
485.33 4.567541
485.49 4.693407
485.65 4.846047
485.81 5.033676
485.97 5.268745
486.05 5.409742
486.21 5.750662
486.29 5.959573
486.37 6.201617
486.45 6.484961
486.53 6.817537
486.61 7.213896
486.65 7.441051
486.69 7.691094
486.73 7.967398
486.77 8.273878
486.81 8.615627
486.85 8.998833
486.89 9.431401
486.93 9.923672
486.94 10.0
487.62 10.0
487.63 9.953223
487.67 9.625001
487.71 9.34021
487.75 9.09418
487.79 8.880542
487.83 8.69459
487.87 8.532354
487.95 8.266923
488.03 8.063042
488.11 7.905176
488.19 7.780609
488.35 7.591101
488.47 7.475889
488.49 7.482044
488.51 7.434743
488.83 7.038512
489.31 6.36882
489.47 6.172857
489.51 6.14411
489.54 6.153177
489.56 6.087823
489.64 5.962533
489.8 5.78536
489.96 5.637093
490.28 5.400345
490.6 5.220677
490.92 5.059489
491.24 4.925388
491.56 4.819358
491.88 4.748567
491.94 4.770467
491.95 4.799743
491.97 4.752735
492.05 4.711358
492.37 4.65698
493.01 4.604931
493.65 4.595901
494.93 4.651938
495.57 4.704619
496.05 4.773927
496.13 4.806635
496.17 4.841309
496.21 4.917316
496.23 5.001565
496.24 5.077071
496.25 5.21915
496.26 5.181909
496.27 5.062283
496.28 4.995771
496.3 4.921209
496.34 4.857045
496.42 4.820639
496.74 4.830827
496.9 4.855259
497.02 4.90238
497.06 4.951718
497.08 5.008604
497.1 5.131838
497.11 5.039886
497.13 4.969819
497.17 4.921851
497.25 4.901164
497.57 4.924568
497.89 4.975278
497.95 5.007053
497.97 5.046432
498.01 5.00512
498.17 5.005523
498.49 5.057086
498.65 5.111427
498.69 5.151949
498.71 5.190681
498.73 5.265848
498.75 5.413494
498.76 5.300666
498.77 5.24659
498.79 5.19059
498.83 5.146612
498.91 5.126936
499.23 5.15623
499.87 5.256247
500.35 5.353596
500.41 5.397433
500.43 5.455314
500.47 5.395044
500.55 5.384653
501.19 5.50079
501.83 5.651164
502.15 5.743593
502.29 5.810657
502.45 5.832367
502.77 5.935067
503.57 6.260853
503.89 6.323686
505.17 6.436092
505.25 6.461817
505.33 6.465068
505.37 6.498822
505.41 6.472977
505.73 6.515564
506.37 6.665462
507.01 6.86399
507.33 6.986291
507.57 7.10975
507.65 7.188794
507.69 7.272744
507.71 7.355357
507.72 7.424454
507.73 7.543906
507.74 7.593507
507.75 7.465259
507.76 7.403182
507.78 7.347411
507.8 7.340934
507.81 7.361639
507.82 7.358932
507.84 7.303721
507.88 7.277441
507.96 7.291411
508.0 7.313994
508.03 7.356942
508.07 7.353539
508.11 7.384856
508.15 7.443175
508.17 7.49841
508.18 7.544121
508.19 7.625516
508.21 7.537739
508.23 7.489479
508.27 7.459523
508.35 7.466754
508.67 7.612419
508.99 7.780965
509.15 7.844108
509.23 7.890752
509.26 7.93416
509.27 7.975205
509.31 7.919563
509.47 7.922413
510.75 8.009307
511.39 8.110841
512.03 8.261878
512.67 8.444019
513.31 8.652683
514.59 9.130579
514.91 9.276845
514.97 9.330413
514.99 9.381244
515.03 9.342394
515.19 9.380912
515.83 9.654091
516.55 9.987621
516.63 10.0
608.15 9.994293
608.79 9.896733
609.43 9.832377
609.59 9.842071
609.63 9.857773
609.67 9.895443
609.69 9.935654
609.71 10.0
609.75 10.0
609.77 9.934862
609.81 9.864843
609.89 9.821324
610.05 9.809625
610.17 9.844517
610.21 9.886149
610.23 9.926602
610.25 10.0
610.42 10.0
610.46 9.892723
610.5 9.840741
610.58 9.793757
610.74 9.76408
610.9 9.75883
611.06 9.773607
611.14 9.802119
611.18 9.834753
611.22 9.904545
611.25 10.0
611.31 9.9928
611.33 9.91575
611.37 9.842215
611.45 9.792035
611.61 9.772237
611.93 9.78546
612.57 9.870841
613.13 9.999489
626.05 10.0
626.37 9.584758
626.69 9.222975
627.01 8.908611
627.33 8.637643
627.65 8.415771
627.73 8.385146
627.75 8.407626
627.79 8.335557
627.95 8.196327
628.27 7.982645
628.59 7.789756
629.23 7.471289
629.87 7.207661
630.51 6.985247
631.15 6.794618
631.79 6.634396
632.03 6.601819
632.11 6.635793
632.13 6.66657
632.15 6.72755
632.16 6.784091
632.17 6.888564
632.18 6.961794
632.19 6.81011
632.2 6.735796
632.22 6.655648
632.26 6.583718
632.34 6.526971
632.66 6.435704
632.98 6.369578
633.3 6.325974
633.34 6.349327
633.35 6.374765
633.39 6.316236
633.55 6.265351
634.19 6.170117
634.27 6.172218
634.35 6.199089
634.39 6.239165
634.41 6.281537
634.43 6.358865
634.44 6.42469
634.45 6.531543
634.46 6.766937
634.47 6.581795
634.48 6.449969
634.49 6.373624
634.51 6.290264
634.52 6.276883
634.54 6.213996
634.58 6.158386
634.66 6.109126
634.98 6.034024
636.26 5.855748
638.18 5.647238
638.66 5.62564
638.78 5.658802
638.82 5.69844
638.84 5.735226
638.86 5.796472
638.87 5.843775
638.88 5.911264
638.89 6.017025
638.9 6.22397
638.91 6.121583
638.92 5.966913
638.93 5.877429
638.95 5.773473
638.97 5.714617
639.01 5.65186
639.09 5.599059
639.41 5.539478
639.97 5.499914
640.05 5.529191
640.08 5.588463
640.09 5.654984
640.11 5.568296
640.15 5.508891
640.23 5.479971
640.29 5.481064
640.31 5.503767
640.33 5.475592
640.65 5.430163
641.29 5.383631
641.49 5.384887
641.53 5.410123
641.61 5.370951
641.93 5.347369
642.17 5.363431
642.25 5.409936
642.29 5.477834
642.31 5.548201
642.32 5.603744
642.33 5.685424
642.34 5.821462
642.35 6.148289
642.36 5.809654
642.37 5.676976
642.38 5.595971
642.4 5.499375
642.42 5.444134
642.46 5.384982
642.54 5.336301
642.86 5.284952
644.14 5.214228
644.46 5.214327
644.62 5.234499
644.7 5.276647
644.74 5.331334
644.76 5.382608
644.78 5.472722
644.79 5.549934
644.8 5.684029
644.81 5.680883
644.82 5.54801
644.83 5.471148
644.85 5.381034
644.89 5.294614
644.97 5.233719
645.13 5.202381
645.45 5.196057
645.61 5.218287
645.65 5.255609
645.66 5.281261
645.67 5.351026
645.68 5.282336
645.7 5.240307
645.78 5.201918
647.06 5.088377
647.38 5.074174
647.62 5.086711
647.7 5.115157
647.74 5.148916
647.78 5.224621
647.8 5.302198
647.81 5.363003
647.82 5.451755
647.83 5.597858
647.84 5.963239
647.85 5.594041
647.86 5.448084
647.87 5.358785
647.89 5.252061
647.91 5.190931
647.95 5.12559
648.03 5.073141
648.19 5.03688
648.83 4.996308
650.43 4.957007
650.67 4.978577
650.71 5.009287
650.73 5.063431
650.75 5.018029
650.79 4.981303
650.95 4.961387
651.11 4.966881
651.27 4.997866
651.35 5.047909
651.39 5.10564
651.41 5.155005
651.43 5.233108
651.44 5.291039
651.45 5.370786
651.46 5.489207
651.47 5.696025
651.48 5.758076
651.49 5.542455
651.5 5.434817
651.51 5.373778
651.52 5.341639
651.53 5.333219
651.54 5.348534
651.55 5.404349
651.56 5.438023
651.57 5.311472
651.58 5.239613
651.6 5.153551
651.64 5.068665
651.72 5.004152
652.0 4.956914
652.64 4.963897
652.8 4.984012
652.84 5.001171
652.92 4.977675
653.24 4.977641
653.56 5.023376
653.64 5.072254
653.68 5.128752
653.7 5.178212
653.72 5.258061
653.73 5.318645
653.74 5.404267
653.75 5.537634
653.76 5.800795
653.78 5.463369
653.79 5.359974
653.81 5.239376
653.83 5.17181
653.87 5.10224
653.95 5.05252
654.11 5.037337
654.27 5.051218
654.43 5.086558
654.51 5.120423
654.59 5.185612
654.63 5.251324
654.65 5.305034
654.67 5.387845
654.68 5.448768
654.69 5.532943
654.7 5.660674
654.71 5.901271
654.72 5.81948
654.73 5.650533
654.74 5.56196
654.75 5.50981
654.77 5.464596
654.79 5.471315
654.81 5.526837
654.82 5.579479
654.83 5.658923
654.84 5.786702
654.85 6.039056
654.86 5.917035
654.87 5.738382
654.88 5.639639
654.89 5.577897
654.91 5.514082
654.93 5.499626
654.95 5.524476
654.97 5.597783
654.98 5.663789
654.99 5.767245
655.0 5.957535
655.01 5.982659
655.02 5.804647
655.03 5.719843
655.04 5.675295
655.06 5.655106
655.08 5.706854
655.09 5.764252
655.1 5.853935
655.11 6.002119
655.12 6.361754
655.13 6.045756
655.14 5.924899
655.15 5.869305
655.16 5.853547
655.17 5.871416
655.18 5.926481
655.19 6.036435
655.2 6.268267
655.21 6.179703
655.22 5.997298
655.23 5.905342
655.24 5.861933
655.25 5.854997
655.26 5.884475
655.27 5.961432
655.28 6.124052
655.29 6.612107
655.3 6.09173
655.31 5.879601
655.32 5.751167
655.33 5.663072
655.35 5.55079
655.37 5.484767
655.41 5.419061
655.45 5.399991
655.49 5.41349
655.53 5.468156
655.55 5.523564
655.57 5.617944
655.58 5.69241
655.59 5.802669
655.6 5.993109
655.61 6.074463
655.62 5.849195
655.63 5.730652
655.64 5.655087
655.66 5.56577
655.68 5.519615
655.72 5.490045
655.76 5.510838
655.8 5.583514
655.82 5.652555
655.84 5.765299
655.85 5.852186
655.86 5.980869
655.87 6.215893
655.89 5.994858
655.9 5.941805
655.91 5.925633
655.92 5.937881
655.93 5.977726
655.94 6.05144
655.95 6.179556
655.96 6.439877
655.97 6.303716
655.98 6.198501
655.99 6.187611
656.0 6.280324
656.01 6.270701
656.02 6.057326
656.03 5.939338
656.04 5.861751
656.06 5.768967
656.08 5.722608
656.1 5.70422
656.12 5.707389
656.14 5.731718
656.16 5.781285
656.18 5.868167
656.19 5.933775
656.2 6.023502
656.21 6.154247
656.22 6.376555
656.23 6.384206
656.24 6.334848
656.25 6.430811
656.27 6.129223
656.28 6.038252
656.29 5.979823
656.31 5.921349
656.33 5.919164
656.35 5.972172
656.36 6.026369
656.37 6.112332
656.38 6.265667
656.39 6.265308
656.4 6.205341
656.41 6.223777
656.42 6.362577
656.43 6.185273
656.44 6.127637
656.45 6.122219
656.46 6.18856
656.47 6.108765
656.48 6.053922
656.49 5.947766
656.51 5.829459
656.53 5.760889
656.57 5.687855
656.61 5.65364
656.69 5.636654
656.85 5.662071
657.17 5.799891
657.33 5.883544
657.45 5.966625
657.49 6.02452
657.5 6.05242
657.51 6.101631
657.52 6.107846
657.53 6.067468
657.55 6.038866
657.63 6.036722
657.87 6.128211
657.95 6.187369
657.99 6.261094
658.01 6.343339
658.02 6.403734
658.03 6.514985
658.04 6.691516
658.05 6.476273
658.06 6.381988
658.08 6.285135
658.12 6.20423
658.2 6.148137
658.76 5.932014
658.8 5.941487
658.81 5.960397
658.82 5.954689
658.84 5.906536
658.92 5.832569
659.24 5.642569
659.56 5.474082
659.88 5.331464
660.2 5.213652
660.84 5.043132
661.16 4.988805
661.32 4.986349
661.36 4.999719
661.4 5.036946
661.42 5.0793
661.44 5.167932
661.45 5.263185
661.46 5.396289
661.47 5.21974
661.48 5.140451
661.5 5.057898
661.54 4.98691
661.62 4.936176
661.94 4.873379
662.58 4.810935
662.82 4.806734
663.14 4.773386
664.42 4.721408
664.5 4.727691
664.82 4.70946
665.3 4.71078
665.46 4.731294
665.54 4.756986
665.58 4.790669
665.62 4.864452
665.64 4.94031
665.65 5.00047
665.66 5.090016
665.68 5.400685
665.69 5.162323
665.7 5.046738
665.71 4.971883
665.73 4.88213
665.77 4.799686
665.83 4.762743
665.85 4.778484
665.89 4.734748
666.05 4.70348
666.29 4.707131
666.37 4.698273
666.53 4.72986
666.59 4.796782
666.61 4.863932
666.62 4.93211
666.63 5.102591
666.64 4.954276
666.65 4.878955
666.67 4.801487
666.71 4.7445
666.77 4.735685
666.81 4.706437
666.97 4.683348
668.01 4.667706
669.29 4.670904
669.61 4.699046
669.69 4.721891
669.73 4.747993
669.77 4.798549
669.79 4.844045
669.81 4.919006
669.82 4.976677
669.83 5.058406
669.84 5.183547
669.85 5.410051
669.86 5.590244
669.87 5.26143
669.88 5.104943
669.89 5.008214
669.91 4.893641
669.93 4.829461
669.97 4.762963
670.05 4.712698
670.21 4.686542
670.85 4.676967
671.33 4.695619
671.49 4.728633
671.57 4.784408
671.61 4.855751
671.63 4.924029
671.64 4.97559
671.65 5.048828
671.66 5.165364
671.67 5.379228
671.68 5.144617
671.69 5.040114
671.71 4.927521
671.73 4.868745
671.77 4.825552
671.79 4.839699
671.8 4.873615
671.81 4.860493
671.83 4.794334
671.87 4.750194
672.03 4.707497
672.35 4.700297
672.51 4.711551
672.53 4.728474
672.57 4.710641
672.73 4.725814
672.77 4.759961
672.78 4.781566
672.79 4.825515
672.8 4.819256
672.82 4.758035
672.86 4.724291
673.02 4.703527
673.66 4.711433
673.82 4.740582
673.86 4.770876
673.88 4.803276
673.9 4.872867
673.91 4.957917
673.92 4.941905
673.93 4.866291
673.95 4.801453
673.99 4.753517
674.07 4.726645
674.71 4.719341
675.67 4.739405
675.99 4.767603
676.03 4.791896
676.05 4.823688
676.06 4.864556
676.08 4.810021
676.12 4.775795
676.28 4.756838
677.08 4.786786
677.12 4.803474
677.14 4.837516
677.18 4.796983
677.5 4.792068
677.82 4.813879
677.9 4.834728
677.91 4.851054
677.95 4.825745
678.59 4.816343
681.15 4.889825
683.39 4.986475
683.55 5.016333
683.59 5.04439
683.62 5.10217
683.63 5.149353
683.64 5.241219
683.65 5.138346
683.67 5.074146
683.71 5.032812
683.87 5.01075
684.03 5.015868
684.19 5.041845
684.23 5.080783
684.24 5.11289
684.28 5.054575
684.44 5.032925
687.0 5.163505
689.56 5.345127
690.84 5.488738
691.16 5.540254
691.32 5.582997
691.36 5.620918
691.4 5.59876
691.46 5.614197
691.62 5.626006
691.66 5.652422
691.74 5.638566
692.06 5.685013
692.22 5.729385
692.26 5.759419
692.3 5.819324
692.32 5.876509
692.34 5.978717
692.35 6.06666
692.36 6.216435
692.37 6.443231
692.38 6.164278
692.39 6.038761
692.4 5.961287
692.42 5.869033
692.46 5.783964
692.54 5.726552
692.7 5.698488
693.02 5.69407
693.26 5.723168
693.34 5.760784
693.38 5.80224
693.42 5.887469
693.44 5.972297
693.45 6.039093
693.46 6.139659
693.47 6.321726
693.48 6.260405
693.49 6.109594
693.5 6.020559
693.52 5.915478
693.54 5.855271
693.58 5.791389
693.66 5.742452
693.82 5.719261
694.46 5.749072
694.62 5.783053
694.66 5.804821
694.7 5.849202
694.72 5.893754
694.74 5.980554
694.75 6.066896
694.76 6.280325
694.77 6.092468
694.78 5.996226
694.8 5.90525
694.84 5.836022
694.92 5.799513
695.24 5.801464
695.96 5.873374
696.04 5.907763
696.06 5.931258
696.08 5.985047
696.09 6.076944
696.1 5.99057
696.12 5.938031
696.16 5.907475
696.32 5.899457
698.16 6.089636
698.8 6.170791
698.92 6.202709
698.96 6.238887
698.97 6.261417
698.98 6.31898
698.99 6.267745
699.01 6.233832
699.09 6.212202
699.73 6.283771
700.37 6.378667
700.61 6.434682
700.73 6.506072
700.77 6.564442
700.79 6.616391
700.81 6.702249
700.82 6.769142
700.83 6.866026
700.84 7.021992
700.85 7.347541
700.86 7.183378
700.87 6.955181
700.88 6.830981
700.89 6.750779
700.91 6.654006
700.93 6.599781
700.97 6.54532
701.05 6.510816
701.21 6.514383
701.29 6.53574
701.33 6.562434
701.35 6.59209
701.36 6.622858
701.37 6.620976
701.39 6.583793
701.43 6.569954
701.47 6.585964
701.49 6.612995
701.51 6.683338
701.52 6.63035
701.54 6.594287
701.62 6.566824
702.26 6.646684
702.9 6.764216
702.98 6.798532
702.99 6.81327
703.01 6.793904
703.33 6.821065
704.61 7.029012
705.89 7.268719
707.17 7.534627
707.97 7.720218
708.09 7.767611
708.13 7.81939
708.14 7.861588
708.16 7.819259
708.2 7.792869
708.36 7.811732
709.32 8.049713
709.56 8.128947
709.62 8.185322
709.64 8.238984
709.66 8.189273
709.74 8.172576
710.38 8.339289
711.02 8.533257
711.42 8.679806
711.46 8.714635
711.48 8.751767
711.49 8.793075
711.5 8.798408
711.51 8.762616
711.55 8.731122
711.71 8.763127
712.35 8.995007
712.99 9.27364
713.31 9.441353
713.63 9.641056
713.95 9.89678
714.03 9.974048
714.07 10.0
793.35 10.0
793.43 9.985165
793.75 9.857361
794.55 9.616069
794.67 9.605918
794.75 9.559792
796.03 9.213676
798.59 8.615699
798.67 8.613401
798.71 8.629208
798.73 8.652766
798.75 8.714048
798.76 8.813456
798.77 8.727189
798.78 8.674924
798.8 8.62442
798.84 8.580127
799.0 8.51751
799.32 8.44665
799.38 8.458291
799.46 8.415007
800.0 8.296257
