               4001  H2D+          
  372421.3400   .2000 -1.8468 3   60.0642  9  -4001 303 1 1 0 0     1 1 1 0     
  648336.8741194.0012 -2.3558 3  354.4029  7   4001 303 3 2 1 0     3 2 2 0     
               7001  Li-6-H        
  440026.0994  0.1627 -2.6756 2 1373.3659  3   70011202 1 1         0 1         
  453160.2800  0.0400  0.2100 2    0.0000  3  -70011202 1 0         0 0         
               8001  LiH           
  431217.5700  0.0400 -2.6733 2 1359.7083  3  -80011202 1 1         0 1         
  443952.9300  0.0400  0.1836 2    0.0000  3  -80011202 1 0         0 0         
               8002  Li-6-D        
  254596.6300  0.0400 -2.7066 2 1047.5040  3  -80021202 1 1         0 1         
  260306.9600  0.0400 -0.5057 2    0.0000  3  -80021202 1 0         0 0         
  508986.9679  0.0813 -1.8303 2 1055.9965  5   80021202 2 1         1 1         
  520404.5500  0.0400  0.3700 2    8.6829  5  -80021202 2 0         1 0         
               9001  LiD           
  245635.6200  0.0400 -2.7148 2 1029.0639  3  -90011202 1 1         0 1         
  251043.5300  0.0400 -0.5527 2    0.0000  3  -90011202 1 0         0 0         
  491079.0700  0.0400 -1.8376 2 1037.2575  5  -90011202 2 1         1 1         
  501892.4300  0.0400  0.3240 2    8.3739  5  -90011202 2 0         1 0         
              13002  CH            
  532723.3105   .5873 -2.2472 2     .1117  3  13002 224 1 1 2 1     1-1 1 1     
  532725.5138   .6427 -1.5483 2     .1117  5  13002 224 1 1 2 2     1-1 1 1     
  532794.9648   .5883 -1.9462 2     .1093  3  13002 224 1 1 2 1     1-1 1 0     
  536762.6574   .6413 -1.5397 2     .0004  5  13002 224 1-1 2 2     1 1 1 1     
  536783.5439   .5848 -2.2387 2     .0004  3  13002 224 1-1 2 1     1 1 1 1     
  536797.2871   .5860 -1.9376 2    0.0000  3  13002 224 1-1 2 1     1 1 1 0     
              17002  NH3           
  572498.0678   .2998 -1.4976 3     .3967 12 -170021303 1 0 0       0 0 1       
              18002  N-15-H3       
  572112.7948   .3000 -1.5056 3     .3788 12 -180021303 1 0 0       0 0 1       
              18004  NH2D          
  375078.9701   .1001 -2.8583 3  193.0089 13 -180041405 5 3 3 0 6   5 2 3 1 6   
  375079.4019   .1001 -2.9481 3  193.0089 11 -180041405 5 3 3 0 5   5 2 3 1 5   
  470270.6961   .1001 -2.6246 3     .4059  3 -180041405 1 1 0 0 1   0 0 0 1 1   
  470271.8768   .1001 -2.4028 3     .4059  5 -180041405 1 1 0 0 2   0 0 0 1 1   
  472707.0009   .1001 -2.9242 3  133.3719  7 -180041405 4 3 2 0 3   4 2 2 1 3   
  472707.0692   .1001 -2.7176 3  133.3719 11 -180041405 4 3 2 0 5   4 2 2 1 5   
  472707.3348   .1001 -2.8316 3  133.3719  9 -180041405 4 3 2 0 4   4 2 2 1 4   
  475890.7529   .1001 -2.9959 3   34.8518  7 -180041405 2 2 0 1 3   2 1 2 0 3   
  494454.7473   .1001 -2.8356 3    0.0000  5 -180041405 1 1 0 1 2   0 0 0 0 1   
  544941.8056   .1033 -2.9099 3   85.8243  7  180041405 3 3 1 0 3   3 2 1 1 3   
  544941.9491   .1033 -2.7532 3   85.8243  9  180041405 3 3 1 0 4   3 2 1 1 4   
  577230.7017   .0990 -2.9155 3  362.3125 13  180041405 7 4 4 1 6   7 3 4 0 6   
  577230.7623   .0990 -2.7969 3  362.3125 17  180041405 7 4 4 1 8   7 3 4 0 8   
  577231.1825   .0990 -2.8601 3  362.3125 15  180041405 7 4 4 1 7   7 3 4 0 7   
  596074.1325   .1632 -2.8976 3  703.7563189  18004140410 5 6 0    10 4 6 1     
  615975.5099   .0525 -2.9064 3   65.2776  9  180041405 3 2 1 1 4   3 1 3 0 4   
  618141.0610   .1039 -2.8476 3   83.4858  7  180041405 3 3 0 0 3   3 2 2 1 3   
  618141.9953   .1039 -2.6909 3   83.4858  9  180041405 3 3 0 0 4   3 2 2 1 4   
  618142.3223   .1039 -2.9693 3   83.4858  5  180041405 3 3 0 0 2   3 2 2 1 2   
  671116.6589   .0540 -2.6890 3  127.4338  9  180041405 4 3 1 0 4   4 2 3 1 4   
  671117.6392   .0540 -2.5750 3  127.4338 11  180041405 4 3 1 0 5   4 2 3 1 5   
  671117.8913   .0540 -2.7816 3  127.4338  7  180041405 4 3 1 0 3   4 2 3 1 3   
  678462.6048   .1759 -2.6607 3  279.1647 39  180041404 6 4 3 0     6 3 3 1     
  698716.8868   .1761 -2.1572 3  278.8268117  180041404 6 4 3 1     6 3 3 0     
              19002  HDO           
  464924.5200   .0320 -2.3873 3    0.0000  3 -19002 303 1 0 1       0 0 0       
  479947.3700   .1040 -2.8519 3  217.0418  7 -19002 303 3 3 0       4 2 3       
  481779.5000   .2820 -2.7971 3  100.3909  7 -19002 303 3 1 2       3 1 3       
  490596.6400   .0580 -1.7603 3   29.8086  5 -19002 303 2 0 2       1 1 1       
  509292.4200   .0450 -1.3239 3   15.5082  3 -19002 303 1 1 0       1 0 1       
  599926.7100   .1220 -1.0670 3   46.1731  5 -19002 303 2 1 1       2 0 2       
  622482.5710   .0500 -2.5369 3  469.6635 15 -19002 303 7 2 6       6 3 3       
              19003  H2O-17        
  385786.5250  0.0695 -2.6146 3  211.4358 27 -19003 303 4 1 4       3 2 1       
  469809.5990  0.0933 -2.5569 3  283.7678 27 -19003 303 4 2 3       3 3 0       
  552020.9600  0.0722 -0.8238 3   23.7735  9 -19003 303 1 1 0       1 0 1       
  658506.1565  0.3275 -2.7249 3  485.2091 33  19003 303 5 3 2       4 4 1       
              19004  H3O+          
  307192.4100  0.0500 -2.2314 3   44.9852  6 -190041303 1 1 1       2 1 0       
  364797.4270  0.1000 -2.1210 3   84.6772 14 -190041303 3 2 0       2 2 1       
  388458.6410  0.0800 -1.8939 3   99.4267 14 -190041303 3 1 0       2 1 1       
  396272.4120  0.0600 -1.5349 3  104.3389 28 -190041303 3 0 0       2 0 1       
              20001  D2O           
  316799.8100  0.1200 -2.0408 3   12.1170  9 -20001 303 1 1 0       1 0 1       
  339035.2600  0.1500 -2.8102 3  206.2765 66 -20001 303 5 2 4       4 3 1       
  403561.8200  0.1500 -1.4230 3   35.8780 30 -20001 303 2 1 1       2 0 2       
  430949.2600  0.1500 -2.8571 3  331.0719 78 -20001 303 6 3 3       5 4 2       
  458531.4500  0.1500 -2.6022 3   73.6764 21 -20001 303 3 1 2       2 2 1       
  468246.5700  0.1500 -1.7523 3   20.2590 30 -20001 303 2 0 2       1 1 1       
  555330.3600  0.1500 -1.4764 3   70.4475 21 -20001 303 3 1 2       3 0 3       
  572114.9100  0.1500 -2.6665 3  269.0101 39 -20001 303 6 2 5       5 3 2       
  607349.6000  0.2000 -1.3353 3    0.0000 18 -20001 303 1 1 1       0 0 0       
  643247.4200  0.2000 -2.8462 3  572.1305102 -20001 303 8 4 4       7 5 3       
  649560.4600  0.2000 -2.4698 3  405.5318 90 -20001 303 7 3 5       6 4 2       
  692243.6000  0.2000 -0.9674 3  141.0870 54 -20001 303 4 2 2       4 1 3       
  697922.7200  0.2000 -1.3295 3   88.9714 21 -20001 303 3 2 1       3 1 2       
  714087.2500  0.2000 -2.3288 3  345.4468 90 -20001 303 7 2 6       6 3 3       
              20003  H2O-18        
  390607.7600  0.0400 -2.6125 3  210.7993 27 -200031404 4 1 4 0     3 2 1 0     
  489054.2600  0.0800 -2.5218 3  282.3071 27 -200031404 4 2 3 0     3 3 0 0     
  547676.4400  0.0600 -0.8324 3   23.7549  9 -200031404 1 1 0 0     1 0 1 0     
  692079.1400  0.6000 -2.6779 3  482.6435 33 -200031404 5 3 2 0     4 4 1 0     
              21001  HDO-18        
  240872.0000  0.2000 -2.9821 3  107.6305  7 -21001 303 3 1 2       2 2 1       
  332892.0393  0.5022 -2.9592 3  370.8146 13  21001 303 6 2 5       5 3 2       
  453312.0215  0.6523 -2.9046 3  215.1098  7  21001 303 3 3 0       4 2 3       
  462238.6431  0.1765 -2.3812 3    0.0000  3  21001 303 1 0 1       0 0 0       
  482002.8302  0.2403 -2.7838 3   99.5872  7  21001 303 3 1 2       3 1 3       
  492814.4799  0.2003 -1.7648 3   29.4600  5  21001 303 2 0 2       1 1 1       
  501567.2161  0.2130 -1.3476 3   15.4186  3  21001 303 1 1 0       1 0 1       
  566517.0414  0.5415 -2.9926 3  381.9187 13  21001 303 6 2 4       6 2 5       
  569738.5309  0.8023 -2.9891 3  677.1191 17  21001 303 8 3 6       7 4 3       
  592405.7182  0.1678 -1.0888 3   45.8986  5  21001 303 2 1 1       2 0 2       
  636176.0048  0.9050 -2.5210 3  465.5834 15  21001 303 7 2 6       6 3 3       
              21002  DF            
  651099.3930  0.1000 -0.3439 2    0.0000  3 -21002 101 1           0           
              25001  CCH           
  262004.2266   .0307 -2.7339 2    8.7402  9  25001 123 3 4 4       2 3 3       
  262006.4034   .0306 -2.8599 2    8.7392  7  25001 123 3 4 3       2 3 2       
  262064.8433   .0314 -2.8800 2    8.7450  7  25001 123 3 3 3       2 2 2       
  349337.4558   .0815 -2.4023 2   17.4797 11  25001 123 4 5 5       3 4 4       
  349338.7284   .0814 -2.4997 2   17.4788  9  25001 123 4 5 4       3 4 3       
  349398.9061   .0821 -2.5081 2   17.4865  9  25001 123 4 4 4       3 3 3       
  349400.2918   .0820 -2.6354 2   17.4870  7  25001 123 4 4 3       3 3 2       
  436660.3711   .1673 -2.1535 2   29.1324 13  25001 123 5 6 6       4 5 5       
  436661.2014   .1673 -2.2329 2   29.1315 11  25001 123 5 6 5       4 5 4       
  436722.2257   .1679 -2.2372 2   29.1412 11  25001 123 5 5 5       4 4 4       
  436723.1103   .1679 -2.3351 2   29.1417  9  25001 123 5 5 4       4 4 3       
  523970.4068   .2971 -1.9597 2   43.6978 15  25001 123 6 7 7       5 6 6       
  523970.9898   .2970 -2.0268 2   43.6970 13  25001 123 6 7 6       5 6 5       
  524032.4857   .2976 -2.0292 2   43.7087 13  25001 123 6 6 6       5 5 5       
  524033.0992   .2976 -2.1089 2   43.7092 11  25001 123 6 6 5       5 5 4       
  611264.9920   .4794 -1.8061 2   61.1755 17  25001 123 7 8 8       6 7 7       
  611265.4234   .4793 -1.8642 2   61.1748 15  25001 123 7 8 7       6 7 6       
  611327.2077   .4799 -1.8657 2   61.1885 15  25001 123 7 7 7       6 6 6       
  611327.6580   .4798 -1.9329 2   61.1891 13  25001 123 7 7 6       6 6 5       
  698541.5540   .7230 -1.6837 2   81.5652 19  25001 123 8 9 9       7 8 8       
  698541.8860   .7229 -1.7349 2   81.5644 17  25001 123 8 9 8       7 8 7       
  698603.8591   .7235 -1.7359 2   81.5802 17  25001 123 8 8 8       7 7 7       
  698604.2035   .7234 -1.7941 2   81.5808 15  25001 123 8 8 7       7 7 6       
              25002  NaH           
  281771.8100  0.2000 -2.6371 2 1133.1017  3 -240011202 1 1         0 1         
  289864.3400  0.2000 -0.2528 2    0.0000  3 -240011202 1 0         0 0         
  563300.6500  0.2000 -1.7637 2 1142.5005  5 -240011202 2 1         1 1         
  579482.5500  0.1700  0.6199 2    9.6688  5 -240011202 2 0         1 0         
              26001  CN, v = 0, 1  
  226659.5750  0.0500 -2.6815 2    3.7757  6 -260011234 2 0 2 3     1 0 1 2     
  226874.1660  0.0500 -2.6749 2    3.7863  6 -260011234 2 0 3 3     1 0 2 2     
  226874.7450  0.0500 -2.4751 2    3.7857  8 -260011234 2 0 3 4     1 0 2 3     
  226875.8970  0.0500 -2.9004 2    3.7866  4 -260011234 2 0 3 2     1 0 2 1     
  340031.5440  0.0500 -2.1437 2   11.3362  8 -260011234 3 0 3 4     2 0 2 3     
  340035.4080  0.0500 -2.5692 2   11.3348  4 -260011234 3 0 3 2     2 0 2 1     
  340035.4080  0.0500 -2.3442 2   11.3353  6 -260011234 3 0 3 3     2 0 2 2     
  340247.7700  0.0500 -2.1495 2   11.3540  8 -260011234 3 0 4 4     2 0 3 3     
  340247.7700  0.0500 -2.0159 2   11.3534 10 -260011234 3 0 4 5     2 0 3 4     
  340248.5764  0.0147 -2.2887 2   11.3544  6  260011234 3 0 4 3     2 0 3 2     
  453368.2530  0.0229 -2.9770 2   22.6784  8  260011234 4 0 4 4     3 0 3 4     
  453375.6193  0.0241 -2.9777 2   22.6777  6  260011234 4 0 4 3     3 0 3 3     
  453390.0570  0.0500 -1.7942 2   22.6784 10 -260011234 4 0 4 5     3 0 3 4     
  453391.6680  0.0500 -2.0670 2   22.6771  6 -260011234 4 0 4 3     3 0 3 2     
  453391.6680  0.0500 -1.9280 2   22.6777  8 -260011234 4 0 4 4     3 0 3 3     
  453606.7400  0.0500 -1.7998 2   22.7034 10 -260011234 4 0 5 5     3 0 4 4     
  453606.7400  0.0500 -1.6987 2   22.7028 12 -260011234 4 0 5 6     3 0 4 5     
  453607.1839  0.0174 -1.9027 2   22.7039  8  260011234 4 0 5 4     3 0 4 3     
  566709.1953  0.0274 -2.9246 2   37.8019 10  260011234 5 0 5 5     4 0 4 5     
  566714.7790  0.0281 -2.9250 2   37.8012  8  260011234 5 0 5 4     4 0 4 4     
  566730.6300  0.6000 -1.5407 2   37.8019 12 -260011234 5 0 5 6     4 0 4 5     
  566730.6300  0.6000 -1.7447 2   37.8006  8 -260011234 5 0 5 4     4 0 4 3     
  566730.6300  0.6000 -1.6419 2   37.8012 10 -260011234 5 0 5 5     4 0 4 4     
  566946.9740  0.4500 -1.5452 2   37.8341 12 -260011234 5 0 6 6     4 0 5 5     
  566946.9740  0.4500 -1.4637 2   37.8335 14 -260011234 5 0 6 7     4 0 5 6     
  566946.9740  0.4500 -1.6275 2   37.8346 10 -260011234 5 0 6 5     4 0 5 4     
  680026.7570  0.0376 -2.8951 2   56.7060 12  260011234 6 0 6 6     5 0 5 6     
  680031.3384  0.0381 -2.8954 2   56.7053 10  260011234 6 0 6 5     5 0 5 5     
  680047.2550  0.6000 -1.3489 2   56.7060 14 -260011234 6 0 6 7     5 0 5 6     
  680047.2550  0.6000 -1.5127 2   56.7047 10 -260011234 6 0 6 5     5 0 5 4     
  680047.2550  0.6000 -1.4304 2   56.7053 12 -260011234 6 0 6 6     5 0 5 5     
  680264.0510  0.3000 -1.3524 2   56.7454 14 -260011234 6 0 7 7     5 0 6 6     
  680264.0510  0.3000 -1.2840 2   56.7448 16 -260011234 6 0 7 8     5 0 6 7     
  680264.0510  0.3000 -1.4212 2   56.7459 12 -260011234 6 0 7 6     5 0 6 5     
  680279.4744  0.0388 -2.9689 2   56.7454 12  260011234 6 0 7 6     5 0 6 6     
  680280.9001  0.0384 -2.9692 2   56.7448 14  260011234 6 0 7 7     5 0 6 7     
              27001  HCN           
  265886.1800   .5500 -1.0751 2    8.8692 21 -27001 101 3           2           
  354505.4759   .0083  -.7220 2   17.7382 27  27001 101 4           3           
  443116.1554   .0176  -.4591 2   29.5633 33  27001 101 5           4           
  531716.3875   .0338  -.2556 2   44.3440 39  27001 101 6           5           
  620304.0952   .0628  -.0950 2   62.0802 45  27001 101 7           6           
  708877.2081   .1137   .0326 2   82.7713 51  27001 101 8           7           
              27002  HNC           
  271981.1420  0.0090 -1.0310 2    9.0726  7 -27002 101 3           2           
  362630.3030  0.0090 -0.6782 2   18.1449  9 -27002 101 4           3           
  453269.8531  0.0237 -0.4158 2   30.2409 11  27002 101 5           4           
  543897.3856  0.0499 -0.2129 2   45.3604 13  27002 101 6           5           
  634510.4973  0.0885 -0.0530 2   63.5028 15  27002 101 7           6           
              27003  HCN-v2        
  265852.7565  0.1029 -2.6254 3  720.8477  7  27003 202 3-1         2 1         
  267199.3288  0.1029 -2.6211 3  720.8927  7  27003 202 3 1         2-1         
  354460.4741  0.1367 -2.2490 3  729.7156  9  27003 202 4 1         3-1         
  356255.6063  0.1367 -2.2448 3  729.8055  9  27003 202 4-1         3 1         
  443059.7350  0.1786 -1.9757 3  741.5392 11  27003 202 5-1         4 1         
  445303.1720  0.1786 -1.9717 3  741.6889 11  27003 202 5 1         4-1         
  531648.4269  0.2376 -1.7665 3  756.3181 13  27003 202 6 1         5-1         
  534339.8503  0.2376 -1.7627 3  756.5426 13  27003 202 6-1         5 1         
  620224.4386  0.3205 -1.6024 3  774.0519 15  27003 202 7-1         6 1         
  623363.4666  0.3205 -1.5987 3  774.3663 15  27003 202 7 1         6-1         
  708785.6606  0.4303 -1.4724 3  794.7404 17  27003 202 8 1         7-1         
  712371.8479  0.4303 -1.4691 3  795.1594 17  27003 202 8-1         7 1         
              27004  C-13-N        
  217303.1910  0.0800 -2.9088 2    3.6242  7 -26002 144 2 3 2 3     1 2 1 2     
  217467.1500  0.1200 -2.7794 2    3.6472  9 -26002 144 2 3 3 4     1 2 2 3     
  217467.1500  0.1200 -2.9410 2    3.6477  7 -26002 144 2 3 3 3     1 2 2 2     
  325943.0822  0.0972 -2.6029 2   10.8839  7  26002 144 3 3 2 3     2 2 1 2     
  325946.9493  0.0976 -2.8735 2   10.8830  5  26002 144 3 3 2 2     2 2 1 1     
  325956.3296  0.0965 -2.7607 2   10.8718  5  26002 144 3 4 3 2     2 3 2 1     
  325958.4550  0.0970 -2.5900 2   10.8721  7  26002 144 3 4 3 3     2 3 2 2     
  325959.6351  0.0972 -2.4290 2   10.8727  9  26002 144 3 4 3 4     2 3 2 3     
  326118.8959  0.1007 -2.4612 2   10.8957  9  26002 144 3 3 3 4     2 2 2 3     
  326122.1237  0.1005 -2.6190 2   10.8960  7  26002 144 3 3 3 3     2 2 2 2     
  326125.3998  0.1014 -2.7898 2   10.8963  5  26002 144 3 3 3 2     2 2 2 1     
  326141.7393  0.1001 -2.3292 2   10.9011 11  26002 144 3 4 4 5     2 3 3 4     
  326141.8283  0.1000 -2.4447 2   10.9017  9  26002 144 3 4 4 4     2 3 3 3     
  326142.7987  0.1002 -2.5629 2   10.9021  7  26002 144 3 4 4 3     2 3 3 2     
  434598.7956  0.2777 -2.2146 2   21.7562  9  26002 144 4 4 3 4     3 3 2 3     
  434599.8443  0.2777 -2.5455 2   21.7549  5  26002 144 4 4 3 2     3 3 2 1     
  434600.4639  0.2777 -2.3749 2   21.7554  7  26002 144 4 4 3 3     3 3 2 2     
  434609.3027  0.2774 -2.3320 2   21.7445  7  26002 144 4 5 4 3     3 4 3 2     
  434610.5121  0.2776 -2.2139 2   21.7449  9  26002 144 4 5 4 4     3 4 3 3     
  434611.0476  0.2777 -2.0984 2   21.7455 11  26002 144 4 5 4 5     3 4 3 4     
  434788.2658  0.2802 -2.1127 2   21.7739 11  26002 144 4 4 4 5     3 3 3 4     
  434789.8361  0.2802 -2.2269 2   21.7743  9  26002 144 4 4 4 4     3 3 3 3     
  434791.7073  0.2806 -2.3450 2   21.7747  7  26002 144 4 4 4 3     3 3 3 2     
  434802.7593  0.2800 -2.0174 2   21.7800 13  26002 144 4 5 5 6     3 4 4 5     
  434802.7814  0.2800 -2.1079 2   21.7806 11  26002 144 4 5 5 5     3 4 4 4     
  434803.3934  0.2801 -2.1994 2   21.7811  9  26002 144 4 5 5 4     3 4 4 3     
  543240.6449  0.5877 -1.9427 2   36.2529 11  26002 144 5 5 4 5     4 4 3 4     
  543241.2756  0.5877 -2.1760 2   36.2516  7  26002 144 5 5 4 3     4 4 3 2     
  543241.5748  0.5877 -2.0579 2   36.2521  9  26002 144 5 5 4 4     4 4 3 3     
  543248.4204  0.5875 -2.0357 2   36.2415  9  26002 144 5 6 5 4     4 5 4 3     
  543249.1582  0.5876 -1.9442 2   36.2420 11  26002 144 5 6 5 5     4 5 4 4     
  543249.3921  0.5876 -1.8538 2   36.2426 13  26002 144 5 6 5 6     4 5 4 5     
  543436.6591  0.5899 -1.8613 2   36.2769 13  26002 144 5 5 5 6     4 4 4 5     
  543437.5164  0.5899 -1.9511 2   36.2773 11  26002 144 5 5 5 5     4 4 4 4     
  543438.6887  0.5901 -2.0426 2   36.2777  9  26002 144 5 5 5 4     4 4 4 3     
  543446.4741  0.5898 -1.7857 2   36.2835 15  26002 144 5 6 6 7     4 5 5 6     
  543446.4748  0.5898 -1.8602 2   36.2840 13  26002 144 5 6 6 6     4 5 5 5     
  543446.8964  0.5898 -1.9352 2   36.2845 11  26002 144 5 6 6 5     4 5 5 4     
  651862.1363  1.0587 -1.7392 2   54.3734 13  26002 144 6 6 5 6     5 5 4 5     
  651862.5571  1.0588 -1.9209 2   54.3722  9  26002 144 6 6 5 4     5 5 4 3     
  651862.7293  1.0587 -1.8295 2   54.3727 11  26002 144 6 6 5 5     5 5 4 4     
  651867.9866  1.0586 -1.8161 2   54.3623 11  26002 144 6 7 6 5     5 6 5 4     
  651868.4647  1.0587 -1.7412 2   54.3628 13  26002 144 6 7 6 6     5 6 5 5     
  651868.5577  1.0587 -1.6667 2   54.3634 15  26002 144 6 7 6 7     5 6 5 6     
  652061.8423  1.0608 -1.6710 2   54.4040 15  26002 144 6 6 6 7     5 5 5 6     
  652062.3518  1.0608 -1.7452 2   54.4045 13  26002 144 6 6 6 6     5 5 5 5     
  652063.1379  1.0609 -1.8201 2   54.4049 11  26002 144 6 6 6 5     5 5 5 4     
  652068.8520  1.0607 -1.6713 2   54.4115 15  26002 144 6 7 7 7     5 6 6 6     
  652068.8588  1.0607 -1.6080 2   54.4109 17  26002 144 6 7 7 8     5 6 6 7     
  652069.1602  1.0608 -1.7349 2   54.4120 13  26002 144 6 7 7 6     5 6 6 5     
              28001  CO            
  691473.0763   .0005 -2.8193 2   57.6704 13 -28001 101 6           5           
              28002  HC-13-N       
  259011.8211   .2132 -2.5433 2    8.6399  5  28002 102 3 2         2 2         
  259011.8211   .2132 -2.5433 2    8.6399  7  28002 102 3 3         2 3         
  259011.8211   .2132 -1.8109 2    8.6399  5  28002 102 3 2         2 1         
  259011.8211   .2132 -1.6402 2    8.6399  7  28002 102 3 3         2 2         
  259011.8211   .2132 -1.4799 2    8.6399  9  28002 102 3 4         2 3         
  345339.7599   .6123  -.7581 2   17.2796 27  28002 101 4           3           
  431659.6973  1.2971  -.4944 2   28.7989 33  28002 101 5           4           
  517969.6330  2.3380  -.2898 2   43.1975 39  28002 101 6           5           
  604267.5667  3.8057  -.1280 2   60.4751 45  28002 101 7           6           
  690551.4980  5.7715   .0010 2   80.6313 51  28002 101 8           7           
              28003  HCN-15        
  258157.1000   .2000 -1.1161 2    8.6114  7 -28003 101 3           2           
  344200.3199   .1108  -.7623 2   17.2226  9  28003 101 4           3           
  430235.7675   .2340  -.4984 2   28.7039 11  28003 101 5           4           
  516261.4602   .4217  -.2938 2   43.0550 13  28003 101 6           5           
  602275.4469   .6865  -.1318 2   60.2756 15  28003 101 7           6           
  688275.7768  1.0412  -.0026 2   80.3653 17  28003 101 8           7           
              28004  DCN           
  217238.4000   .4500 -2.0355 2    7.2464  5 -28004 102 3 2         2 1         
  217238.6307   .0113 -2.7679 2    7.2464  5  28004 102 3 2         2 2         
  217238.6307   .0113 -2.7679 2    7.2464  7  28004 102 3 3         2 3         
  217238.6307   .0113 -1.8648 2    7.2464  7  28004 102 3 3         2 2         
  217238.6307   .0113 -1.7046 2    7.2464  9  28004 102 3 4         2 3         
  289644.6700   .6000 -1.6026 2   14.4927  7 -28004 102 4 3         3 2         
  289645.2425   .0294 -1.4845 2   14.4927  9  28004 102 4 4         3 3         
  289645.2425   .0294 -1.3693 2   14.4927 11  28004 102 4 5         3 4         
  362046.4842   .0599  -.7113 2   24.1543 33  28004 101 5           4           
  434441.0133   .1059  -.5014 2   36.2308 39  28004 101 6           5           
  506827.4873   .1705  -.3333 2   50.7222 45  28004 101 7           6           
  579204.5636   .2567  -.1970 2   67.6282 51  28004 101 8           7           
  651570.8998   .3678  -.0863 2   86.9483 57  28004 101 9           8           
              28005  HNC-13        
  261263.3101   .0449 -1.1881 2    8.7150  7  28005 101 3           2           
  348340.2695   .1347  -.8344 2   17.4298  9  28005 101 4           3           
  435407.9626   .2915  -.5709 2   29.0492 11  28005 101 5           4           
  522464.0730   .5313  -.3667 2   43.5729 13  28005 101 6           5           
  609506.2840   .8705  -.2052 2   61.0004 15  28005 101 7           6           
  696532.2790  1.3256  -.0766 2   81.3313 17  28005 101 8           7           
              28006  HN-15-C       
  266587.8003   .0005 -1.1624 2    8.8926  7  28006 101 3           2           
  355439.4981   .0014  -.8092 2   17.7851  9  28006 101 4           3           
  444281.8510   .0029  -.5462 2   29.6412 11  28006 101 5           4           
  533112.5228   .0053  -.3426 2   44.4609 13  28006 101 6           5           
  621929.1773   .0087  -.1819 2   62.2436 15  28006 101 7           6           
  710729.4783   .0133  -.0542 2   82.9889 17  28006 101 8           7           
              28007  DNC           
  228910.4890  0.0090 -1.2510 2    7.6358  7 -28007 101 3           2           
  305206.2190  0.0090 -0.8947 2   15.2714  9 -28007 101 4           3           
  381495.2739  0.0237 -0.6278 2   25.4520 11  28007 101 5           4           
  457775.9996  0.0499 -0.4194 2   38.1773 13  28007 101 6           5           
  534046.7275  0.0885 -0.2531 2   53.4471 15  28007 101 7           6           
  610305.7915  0.1414 -0.1188 2   71.2610 17  28007 101 8           7           
  686551.5252  0.2105 -0.0104 2   91.6186 19  28007 101 9           8           
              28008  HCNH+         
  296433.6811  0.0884 -2.9457 2   14.8323  9  28008 101 4           3           
  370533.4220  0.0800 -2.6782 2   24.7203 11 -28008 101 5           4           
  444627.3835  0.2135 -2.4690 2   37.0800 13  28008 101 6           5           
  518714.4009  0.4588 -2.3016 2   51.9111 15  28008 101 7           6           
  592793.3199  0.8105 -2.1662 2   69.2136 17  28008 101 8           7           
  666862.9837  1.2800 -2.0565 2   88.9870 19  28008 101 9           8           
              28009  CO+           
  235789.6410  0.0300 -2.6508 2    3.9258  4 -28009 112 2 2         1 1         
  236062.5530  0.0200 -2.3946 2    3.9395  6 -28009 112 2 3         1 2         
  353741.2620  0.1000 -2.0637 2   11.7909  6 -28009 112 3 3         2 2         
  354014.2470  0.0600 -1.9081 2   11.8137  8 -28009 112 3 4         2 3         
  471679.2130  0.1200 -1.6875 2   23.5904  8 -28009 112 4 4         3 3         
  471952.3430  0.1000 -1.5743 2   23.6223 10 -28009 112 4 5         3 4         
  589599.1623  0.1601 -1.4177 2   39.3240 10  28009 112 5 5         4 4         
  589872.1073  0.1604 -1.3285 2   39.3649 12  28009 112 5 6         4 5         
  707496.2631  0.3003 -1.2155 2   58.9909 12  28009 112 6 6         5 5         
  707769.2081  0.3013 -1.1417 2   59.0409 14  28009 112 6 7         5 6         
              29001  C-13-O        
  661067.2801   .0237 -2.8687 2   55.1341 13  29001 101 6           5           
              29002  HCO+ v=0,1,2  
  267418.7196  0.0300 -2.7762 2  837.1511  7 -290021303 3-1 1       2 1 1       
  267557.6190  0.0100 -0.9995 2    8.9250  7 -290021303 3 0 0       2 0 0       
  268688.8696  0.0300 -2.7722 2  837.1935  7 -290021303 3 1 1       2-1 1       
  356548.7606  0.0300 -2.3999 2  846.0712  9 -290021303 4 1 1       3-1 1       
  356734.2880  0.0500 -0.6464 2   17.8497  9 -290021303 4 0 0       3 0 0       
  358242.4092  0.0300 -2.3960 2  846.1560  9 -290021303 4-1 1       3 1 1       
  445670.9454  0.0371 -2.1267 2  857.9644 11  290021303 5-1 1       4 1 1       
  445902.9960  0.0500 -0.3835 2   29.7491 11 -290021303 5 0 0       4 0 0       
  447787.6461  0.0366 -2.1230 2  858.1057 11  290021303 5 1 1       4-1 1       
  534783.0204  0.0694 -1.9177 2  872.8304 13  290021303 6 1 1       5-1 1       
  535061.7755  0.0640 -0.1800 2   44.6228 13  290021303 6 0 0       5 0 0       
  537322.7148  0.0678 -1.9142 2  873.0423 13  290021303 6-1 1       5 1 1       
  623882.9970  0.4000 -1.7539 2  890.6688 15 -290021303 7-1 1       6 1 1       
  624208.6733  0.0996 -0.0195 2   62.4706 15  290021303 7 0 0       6 0 0       
  626845.4060  0.4000 -1.7505 2  890.9654 15 -290021303 7 1 1       6-1 1       
  712969.2060  0.4000 -1.6242 2  911.4793 17 -290021303 8 1 1       7-1 1       
  713342.0900  0.4000  0.1081 2   83.2919 17 -290021303 8 0 0       7 0 0       
              29003  CH2NH         
  312336.4550   .1907 -2.9509 3   94.7078 21  29003 304 9 1 810     9 0 910     
  312338.0613   .1910 -2.9997 3   94.7078 19  29003 304 9 1 8 9     9 0 9 9     
  317405.2471   .0945 -2.9837 3   21.2813 13  29003 304 5 0 5 6     4 0 4 5     
  332573.0676   .1076 -2.9742 3   27.6928 13  29003 304 5 1 4 6     4 1 3 5     
  351453.8589   .2463 -2.9746 3  115.4258 19  29003 30410 1 9 9    10 010 9     
  351454.0274   .2462 -2.8909 3  115.4258 23  29003 30410 1 911    10 01011     
  351455.7048   .2464 -2.9347 3  115.4258 21  29003 30410 1 910    10 01010     
  367072.3842   .1460 -2.9074 3   36.1417 13  29003 304 6 1 6 6     5 1 5 5     
  367072.3914   .1460 -2.9823 3   36.1417 11  29003 304 6 1 6 5     5 1 5 4     
  367072.4320   .1460 -2.8330 3   36.1417 15  29003 304 6 1 6 7     5 1 5 6     
  379520.3396   .1330 -2.8585 3   31.8688 13  29003 304 6 0 6 6     5 0 5 5     
  379520.4428   .1330 -2.9334 3   31.8688 11  29003 304 6 0 6 5     5 0 5 4     
  379520.4443   .1330 -2.7841 3   31.8688 15  29003 304 6 0 6 7     5 0 5 6     
  383308.9280   .2011 -2.9462 3   53.9089 13  29003 304 6 2 5 6     5 2 4 5     
  383308.9828   .2010 -2.8718 3   53.9089 15  29003 304 6 2 5 7     5 2 4 6     
  384603.4058   .2830 -2.9998 3   81.3196 15  29003 304 6 3 3 7     5 3 2 6     
  387695.2626   .1999 -2.8624 3   54.0571 15  29003 304 6 2 4 7     5 2 3 6     
  387695.3090   .1999 -2.9368 3   54.0571 13  29003 304 6 2 4 6     5 2 3 5     
  394017.3634   .1216 -2.9313 3   12.7859 11  29003 304 4 1 4 5     3 0 3 4     
  396022.2640   .3152 -2.9150 3  138.1080 21  29003 30411 11010    11 01110     
  396022.4223   .3152 -2.8387 3  138.1080 25  29003 30411 11012    11 01112     
  396024.1567   .3153 -2.8785 3  138.1080 23  29003 30411 11011    11 01111     
  398688.8920   .1517 -2.8423 3   38.7863 13  29003 304 6 1 5 6     5 1 4 5     
  398688.9211   .1517 -2.7679 3   38.7863 15  29003 304 6 1 5 7     5 1 4 6     
  398688.9517   .1517 -2.9172 3   38.7863 11  29003 304 6 1 5 5     5 1 4 4     
  399178.5942   .1552 -2.9109 3   62.6560 15  29003 304 8 0 8 7     7 1 7 6     
  399178.6957   .1552 -2.8005 3   62.6560 19  29003 304 8 0 8 9     7 1 7 8     
  399179.2865   .1553 -2.8556 3   62.6560 17  29003 304 8 0 8 8     7 1 7 7     
  411286.1837   .5494 -2.2469 3  151.3179 69  29003 30311 2 9      11 110       
  413070.4505   .4666 -2.7329 3  127.1491 21  29003 30410 2 810    10 1 910     
  413070.5758   .4666 -2.6890 3  127.1491 23  29003 30410 2 811    10 1 911     
  413070.5883   .4666 -2.7727 3  127.1491 19  29003 30410 2 8 9    10 1 9 9     
  413617.9229   .6404 -2.7331 3  177.6139 25  29003 30412 21012    12 11112     
  418300.0101   .3909 -2.7416 3  105.1262 19  29003 304 9 2 7 9     9 1 8 9     
  418300.2788   .3909 -2.6928 3  105.1262 21  29003 304 9 2 710     9 1 810     
  418300.3088   .3909 -2.7856 3  105.1262 17  29003 304 9 2 7 8     9 1 8 8     
  420648.2798   .7411 -2.7698 3  206.0156 25  29003 30413 21112    13 11212     
  420648.3036   .7411 -2.7050 3  206.0156 29  29003 30413 21114    13 11214     
  420648.6110   .7411 -2.7386 3  206.0156 27  29003 30413 21113    13 11213     
  426219.0431   .3216 -2.7590 3   85.2657 17  29003 304 8 2 6 8     8 1 7 8     
  426219.4479   .3216 -2.7039 3   85.2657 19  29003 304 8 2 6 9     8 1 7 9     
  426219.4989   .3216 -2.8080 3   85.2657 15  29003 304 8 2 6 7     8 1 7 7     
  427806.6432   .1987 -2.7286 3   48.3860 15  29003 304 7 1 7 7     6 1 6 6     
  427806.6583   .1987 -2.7922 3   48.3860 13  29003 304 7 1 7 6     6 1 6 5     
  427806.6874   .1987 -2.6653 3   48.3860 17  29003 304 7 1 7 8     6 1 6 7     
  432881.1349   .8531 -2.7754 3  236.4993 27  29003 30414 21213    14 11313     
  432881.1667   .8531 -2.7151 3  236.4993 31  29003 30414 21215    14 11315     
  432881.6107   .8532 -2.7463 3  236.4993 29  29003 30414 21214    14 11314     
  436006.5181   .2589 -2.7878 3   67.5815 15  29003 304 7 2 5 7     7 1 6 7     
  436007.0459   .2589 -2.7247 3   67.5815 17  29003 304 7 2 5 8     7 1 6 8     
  436007.1221   .2589 -2.8433 3   67.5815 13  29003 304 7 2 5 6     7 1 6 6     
  440956.3891   .1849 -2.6868 3   44.5283 15  29003 304 7 0 7 7     6 0 6 6     
  440956.5056   .1849 -2.6234 3   44.5283 17  29003 304 7 0 7 8     6 0 6 7     
  440956.5063   .1849 -2.7503 3   44.5283 13  29003 304 7 0 7 6     6 0 6 5     
  445503.5778   .1624 -2.8599 3   21.2813 11  29003 304 5 1 5 5     4 0 4 4     
  445504.5129   .1622 -2.7696 3   21.2813 13  29003 304 5 1 5 6     4 0 4 5     
  445504.6789   .1623 -2.9513 3   21.2813  9  29003 304 5 1 5 4     4 0 4 3     
  445861.1063   .3996 -2.8642 3  162.7416 23  29003 30412 11111    12 01211     
  445861.2546   .3996 -2.7942 3  162.7416 27  29003 30412 11113    12 01213     
  445863.0280   .3997 -2.8306 3  162.7416 25  29003 30412 11112    12 01212     
  446812.9918   .2034 -2.8318 3   52.0851 13  29003 304 6 2 4 6     6 1 5 6     
  446813.6230   .2034 -2.7577 3   52.0851 15  29003 304 6 2 4 7     6 1 5 7     
  446813.7296   .2034 -2.8957 3   52.0851 11  29003 304 6 2 4 5     6 1 5 5     
  446851.9524   .2676 -2.7575 3   66.6947 15  29003 304 7 2 6 7     6 2 5 6     
  446851.9970   .2676 -2.6941 3   66.6947 17  29003 304 7 2 6 8     6 2 5 7     
  446851.9970   .2676 -2.8210 3   66.6947 13  29003 304 7 2 6 6     6 2 5 5     
  448376.3729   .4778 -2.9627 3  132.4240 17  29003 304 7 4 4 8     6 4 3 7     
  448379.2519   .4778 -2.9627 3  132.4240 17  29003 304 7 4 3 8     6 4 2 7     
  448743.4489   .3650 -2.8621 3   94.1432 15  29003 304 7 3 5 7     6 3 4 6     
  448743.4880   .3650 -2.7987 3   94.1432 17  29003 304 7 3 5 8     6 3 4 7     
  448743.4922   .3650 -2.9257 3   94.1432 13  29003 304 7 3 5 6     6 3 4 5     
  448984.6571   .3648 -2.8616 3   94.1486 15  29003 304 7 3 4 7     6 3 3 6     
  448984.6879   .3648 -2.7983 3   94.1486 17  29003 304 7 3 4 8     6 3 3 7     
  448984.6911   .3648 -2.9252 3   94.1486 13  29003 304 7 3 4 6     6 3 3 5     
  450747.8572   .9784 -2.7826 3  269.0395 29  29003 30415 21314    15 11414     
  450747.8956   .9784 -2.7263 3  269.0395 33  29003 30415 21316    15 11416     
  450748.4702   .9784 -2.7554 3  269.0395 31  29003 30415 21315    15 11415     
  453762.9452   .2663 -2.8085 3   66.9892 13  29003 304 7 2 5 6     6 2 4 5     
  453762.9533   .2663 -2.6816 3   66.9892 17  29003 304 7 2 5 8     6 2 4 7     
  453763.0223   .2663 -2.7449 3   66.9892 15  29003 304 7 2 5 7     6 2 4 6     
  457806.5748   .1567 -2.8969 3   38.7863 11  29003 304 5 2 3 5     5 1 4 5     
  457807.2815   .1566 -2.8072 3   38.7863 13  29003 304 5 2 3 6     5 1 4 6     
  457807.4254   .1566 -2.9724 3   38.7863  9  29003 304 5 2 3 4     5 1 4 4     
  464569.4960   .2105 -2.6660 3   52.0851 15  29003 304 7 1 6 7     6 1 5 6     
  464569.5304   .2105 -2.6027 3   52.0851 17  29003 304 7 1 6 8     6 1 5 7     
  464569.5527   .2105 -2.7296 3   52.0851 13  29003 304 7 1 6 6     6 1 5 5     
  468217.7651   .1210 -2.9945 3   27.6928  9  29003 304 4 2 2 4     4 1 3 4     
  468218.5067   .1208 -2.8805 3   27.6928 11  29003 304 4 2 2 5     4 1 3 5     
  472526.4800   .2268 -2.7160 3   78.9460 17  29003 304 9 0 9 8     8 1 8 7     
  472526.5580   .2268 -2.6181 3   78.9460 21  29003 304 9 0 910     8 1 8 9     
  472527.0628   .2268 -2.6670 3   78.9460 19  29003 304 9 0 9 9     8 1 8 8     
  474606.2569  1.1188 -2.7912 3  303.6096 31  29003 30416 21415    16 11515     
  474606.3006  1.1188 -2.7383 3  303.6096 35  29003 30416 21417    16 11517     
  474606.9988  1.1188 -2.7656 3  303.6096 33  29003 30416 21416    16 11516     
  477375.8702   .0983 -2.9951 3   18.8110  9  29003 304 3 2 1 4     3 1 2 4     
  488360.6574   .2660 -2.5832 3   62.6560 17  29003 304 8 1 8 8     7 1 7 7     
  488360.6781   .2660 -2.6385 3   62.6560 15  29003 304 8 1 8 7     7 1 7 6     
  488360.7000   .2660 -2.5281 3   62.6560 19  29003 304 8 1 8 9     7 1 7 8     
  495170.8054   .2154 -2.7068 3   31.8688 13  29003 304 6 1 6 6     5 0 5 5     
  495171.6978   .2153 -2.6324 3   31.8688 15  29003 304 6 1 6 7     5 0 5 6     
  495171.8293   .2154 -2.7816 3   31.8688 11  29003 304 6 1 6 5     5 0 5 4     
  500582.9835   .5019 -2.8216 3  189.3180 25  29003 30413 11212    13 01312     
  500583.1217   .5019 -2.7568 3  189.3180 29  29003 30413 11214    13 01314     
  500584.9139   .5020 -2.7904 3  189.3180 27  29003 30413 11213    13 01313     
  501680.0064   .2528 -2.5476 3   59.2370 17  29003 304 8 0 8 8     7 0 7 7     
  501680.1311   .2528 -2.4925 3   59.2370 19  29003 304 8 0 8 9     7 0 7 8     
  501680.1327   .2528 -2.6029 3   59.2370 15  29003 304 8 0 8 7     7 0 7 6     
  504724.1419  1.2762 -2.8011 3  340.1833 33  29003 30417 21516    17 11616     
  504724.1899  1.2762 -2.7513 3  340.1833 37  29003 30417 21518    17 11618     
  504725.0035  1.2762 -2.7769 3  340.1833 35  29003 30417 21517    17 11617     
  508473.8003   .0977 -2.9798 3   17.7524  9  29003 304 3 2 2 4     3 1 3 4     
  510238.3274   .3502 -2.6064 3   81.6001 17  29003 304 8 2 7 8     7 2 6 7     
  510238.3670   .3502 -2.6618 3   81.6001 15  29003 304 8 2 7 7     7 2 6 6     
  510238.3675   .3502 -2.5513 3   81.6001 19  29003 304 8 2 7 9     7 2 6 8     
  512216.6086   .7162 -2.9744 3  196.5716 19  29003 304 8 5 4 9     7 5 3 8     
  512216.6680   .7162 -2.9744 3  196.5716 19  29003 304 8 5 3 9     7 5 2 8     
  512571.0533   .5923 -2.8363 3  147.3802 17  29003 304 8 4 5 8     7 4 4 7     
  512571.1036   .5923 -2.7811 3  147.3802 19  29003 304 8 4 5 9     7 4 4 8     
  512571.1098   .5923 -2.8916 3  147.3802 15  29003 304 8 4 5 7     7 4 4 6     
  512578.9591   .5923 -2.8363 3  147.3804 17  29003 304 8 4 4 8     7 4 3 7     
  512579.0091   .5923 -2.7811 3  147.3804 19  29003 304 8 4 4 9     7 4 3 8     
  512579.0153   .5923 -2.8916 3  147.3804 15  29003 304 8 4 4 7     7 4 3 6     
  513042.3871   .4636 -2.6967 3  109.1117 17  29003 304 8 3 6 8     7 3 5 7     
  513042.4096   .4636 -2.6416 3  109.1117 19  29003 304 8 3 6 9     7 3 5 8     
  513042.4106   .4636 -2.7520 3  109.1117 15  29003 304 8 3 6 7     7 3 5 6     
  513522.8920   .4633 -2.6959 3  109.1251 17  29003 304 8 3 5 8     7 3 4 7     
  513522.9017   .4633 -2.7512 3  109.1251 15  29003 304 8 3 5 7     7 3 4 6     
  513522.9019   .4633 -2.6408 3  109.1251 19  29003 304 8 3 5 9     7 3 4 8     
  519188.2513   .1187 -2.8551 3   25.9289 11  29003 304 4 2 3 5     4 1 4 5     
  519189.4584   .1190 -2.9691 3   25.9289  9  29003 304 4 2 3 4     4 1 4 4     
  520373.3339   .3492 -2.6460 3   82.1251 15  29003 304 8 2 6 7     7 2 5 6     
  520373.3416   .3492 -2.5356 3   82.1251 19  29003 304 8 2 6 9     7 2 5 8     
  520373.4238   .3492 -2.5907 3   82.1251 17  29003 304 8 2 6 8     7 2 5 7     
  530160.8987   .2866 -2.5237 3   67.5815 17  29003 304 8 1 7 8     7 1 6 7     
  530160.9396   .2866 -2.4685 3   67.5815 19  29003 304 8 1 7 9     7 1 6 8     
  530160.9571   .2866 -2.5790 3   67.5815 15  29003 304 8 1 7 7     7 1 6 6     
  532646.6741   .1554 -2.9345 3   36.1417  9  29003 304 5 2 4 4     5 1 5 4     
  532646.9157   .1553 -2.7693 3   36.1417 13  29003 304 5 2 4 6     5 1 5 6     
  532648.1015   .1555 -2.8591 3   36.1417 11  29003 304 5 2 4 5     5 1 5 5     
  541250.6094  1.4531 -2.8125 3  378.7360 35  29003 30418 21617    18 11717     
  541250.6606  1.4531 -2.7654 3  378.7360 39  29003 30418 21619    18 11719     
  541251.5796  1.4531 -2.7896 3  378.7360 37  29003 30418 21618    18 11718     
  543457.1090   .2824 -2.5778 3   44.5283 15  29003 304 7 1 7 7     6 0 6 6     
  543457.9409   .2824 -2.5145 3   44.5283 17  29003 304 7 1 7 8     6 0 6 7     
  543458.0448   .2824 -2.6414 3   44.5283 13  29003 304 7 1 7 6     6 0 6 5     
  544911.8358   .3199 -2.5579 3   97.2495 19  29003 30410 010 9     9 1 9 8     
  544911.8956   .3199 -2.4700 3   97.2495 23  29003 30410 01011     9 1 910     
  544912.3146   .3199 -2.5139 3   97.2495 21  29003 30410 01010     9 1 9 9     
  548680.7312   .3799 -2.9328 3  187.7136 25  29003 30413 11212    12 21111     
  548680.7965   .3799 -2.8655 3  187.7136 29  29003 30413 11214    12 21113     
  548681.6011   .3799 -2.8992 3  187.7136 27  29003 30413 11213    12 21112     
  548725.1019   .3503 -2.4640 3   78.9460 19  29003 304 9 1 9 9     8 1 8 8     
  548725.1268   .3503 -2.5130 3   78.9460 17  29003 304 9 1 9 8     8 1 8 7     
  548725.1438   .3503 -2.4151 3   78.9460 21  29003 304 9 1 910     8 1 8 9     
  548883.2674   .2079 -2.8432 3   48.3860 11  29003 304 6 2 5 5     6 1 6 5     
  548883.4665   .2078 -2.7052 3   48.3860 15  29003 304 6 2 5 7     6 1 6 7     
  548884.6454   .2080 -2.7794 3   48.3860 13  29003 304 6 2 5 6     6 1 6 6     
  559618.3192   .6241 -2.7864 3  217.8325 27  29003 30414 11313    14 01413     
  559618.4474   .6241 -2.7261 3  217.8325 31  29003 30414 11315    14 01415     
  559620.2373   .6242 -2.7573 3  217.8325 29  29003 30414 11314    14 01414     
  561708.4337   .3386 -2.4340 3   75.9712 19  29003 304 9 0 9 9     8 0 8 8     
  561708.5622   .3386 -2.3851 3   75.9712 21  29003 304 9 0 910     8 0 8 9     
  561708.5639   .3386 -2.4830 3   75.9712 17  29003 304 9 0 9 8     8 0 8 7     
  567928.6061   .2761 -2.7744 3   62.6560 13  29003 304 7 2 6 6     7 1 7 6     
  567928.7761   .2761 -2.6558 3   62.6560 17  29003 304 7 2 6 8     7 1 7 8     
  567929.9545   .2761 -2.7189 3   62.6560 15  29003 304 7 2 6 7     7 1 7 7     
  573446.8962   .4508 -2.4840 3   98.6198 19  29003 304 9 2 8 9     8 2 7 8     
  573446.9341   .4508 -2.5330 3   98.6198 17  29003 304 9 2 8 8     8 2 7 7     
  573446.9347   .4508 -2.4352 3   98.6198 21  29003 304 9 2 810     8 2 7 9     
  576344.5309   .8610 -2.8574 3  213.6573 19  29003 304 9 5 5 9     8 5 4 8     
  576344.5894   .8610 -2.8086 3  213.6573 21  29003 304 9 5 510     8 5 4 9     
  576344.5966   .8610 -2.9064 3  213.6573 17  29003 304 9 5 5 8     8 5 4 7     
  576344.7240   .8610 -2.8574 3  213.6573 19  29003 304 9 5 4 9     8 5 3 8     
  576344.7825   .8610 -2.8086 3  213.6573 21  29003 304 9 5 410     8 5 3 9     
  576344.7897   .8610 -2.9064 3  213.6573 17  29003 304 9 5 4 8     8 5 3 7     
  576820.3076   .7269 -2.6896 3  164.4778 19  29003 304 9 4 6 9     8 4 5 8     
  576820.3394   .7269 -2.6407 3  164.4778 21  29003 304 9 4 610     8 4 5 9     
  576820.3422   .7269 -2.7385 3  164.4778 17  29003 304 9 4 6 8     8 4 5 7     
  576839.2432   .7269 -2.6895 3  164.4782 19  29003 304 9 4 5 9     8 4 4 8     
  576839.2744   .7269 -2.6407 3  164.4782 21  29003 304 9 4 510     8 4 4 9     
  576839.2771   .7269 -2.7385 3  164.4782 17  29003 304 9 4 5 8     8 4 4 7     
  577383.6787   .5814 -2.5647 3  126.2249 19  29003 304 9 3 7 9     8 3 6 8     
  577383.6913   .5814 -2.6136 3  126.2249 17  29003 304 9 3 7 8     8 3 6 7     
  577383.6916   .5814 -2.5158 3  126.2249 21  29003 304 9 3 710     8 3 6 9     
  578259.5751   .5809 -2.6124 3  126.2544 17  29003 304 9 3 6 8     8 3 5 7     
  578259.5769   .5809 -2.5146 3  126.2544 21  29003 304 9 3 610     8 3 5 9     
  578259.5822   .5809 -2.5634 3  126.2544 19  29003 304 9 3 6 9     8 3 5 8     
  584182.2976  1.6524 -2.8257 3  419.2460 37  29003 30419 21718    19 11818     
  584182.3509  1.6524 -2.7810 3  419.2460 41  29003 30419 21720    19 11820     
  584183.3632  1.6524 -2.8039 3  419.2460 39  29003 30419 21719    19 11819     
  587483.5883   .4511 -2.5141 3   99.4829 17  29003 304 9 2 7 8     8 2 6 7     
  587483.5949   .4511 -2.4163 3   99.4829 21  29003 304 9 2 710     8 2 6 9     
  587483.6827   .4511 -2.4651 3   99.4829 19  29003 304 9 2 7 9     8 2 6 8     
  589806.2949   .3603 -2.7214 3   78.9460 15  29003 304 8 2 7 7     8 1 8 7     
  589806.4437   .3602 -2.6173 3   78.9460 19  29003 304 8 2 7 9     8 1 8 9     
  589807.6246   .3603 -2.6724 3   78.9460 17  29003 304 8 2 7 8     8 1 8 8     
  590861.3773   .3646 -2.4679 3   59.2370 17  29003 304 8 1 8 8     7 0 7 7     
  590862.1353   .3645 -2.4127 3   59.2370 19  29003 304 8 1 8 9     7 0 7 8     
  590862.2167   .3645 -2.5232 3   59.2370 15  29003 304 8 1 8 7     7 0 7 6     
  595402.7157   .3820 -2.4080 3   85.2657 19  29003 304 9 1 8 9     8 1 7 8     
  595402.7641   .3820 -2.3592 3   85.2657 21  29003 304 9 1 810     8 1 7 9     
  595402.7784   .3820 -2.4570 3   85.2657 17  29003 304 9 1 8 8     8 1 7 7     
  608895.8496   .4536 -2.3660 3   97.2495 21  29003 30410 11010     9 1 9 9     
  608895.8774   .4536 -2.4100 3   97.2495 19  29003 30410 110 9     9 1 9 8     
  608895.8910   .4536 -2.3222 3   97.2495 23  29003 30410 11011     9 1 910     
  614528.1023   .4612 -2.6808 3   97.2495 17  29003 304 9 2 8 8     9 1 9 8     
  614528.2346   .4611 -2.5879 3   97.2495 21  29003 304 9 2 810     9 1 910     
  614529.4189   .4612 -2.6368 3   97.2495 19  29003 304 9 2 8 9     9 1 9 9     
  616011.5921   .4368 -2.4296 3  117.5601 21  29003 30411 01110    10 110 9     
  616011.6378   .4368 -2.3499 3  117.5601 25  29003 30411 01112    10 11011     
  616011.9755   .4368 -2.3897 3  117.5601 23  29003 30411 01111    10 11010     
  617873.1054   .1195 -2.9819 3    7.7002  5  29003 304 2 2 1 2     1 1 0 1     
  617873.8750   .1192 -2.7108 3    7.7002  7  29003 304 2 2 1 3     1 1 0 2     
  621110.3537   .4442 -2.3412 3   94.7078 21  29003 30410 01010     9 0 9 9     
  621110.4814   .4442 -2.2973 3   94.7078 23  29003 30410 01011     9 0 910     
  621110.4827   .4442 -2.3851 3   94.7078 19  29003 30410 010 9     9 0 9 8     
  622258.1751   .7683 -2.7579 3  248.2832 29  29003 30415 11414    15 01514     
  622258.2931   .7683 -2.7015 3  248.2832 33  29003 30415 11416    15 01516     
  622260.0605   .7684 -2.7306 3  248.2832 31  29003 30415 11415    15 01515     
  623291.3926   .1192 -2.7102 3    7.5237  7  29003 304 2 2 0 3     1 1 1 2     
  623292.5039   .1196 -2.9812 3    7.5237  5  29003 304 2 2 0 2     1 1 1 1     
  624082.1140  3.5433 -2.3963 3  529.0312129  29003 30321 318      21 219       
  625314.0391  3.1770 -2.3301 3  482.8211123  29003 30320 317      20 218       
  628738.1176  3.9344 -2.9420 3  577.3348 45  29003 30422 31922    22 22022     
  631793.6415  2.8352 -2.7449 3  438.7322 39  29003 30419 31619    19 21719     
  633334.8016  1.8789 -2.8409 3  461.6954 39  29003 30420 21819    20 11919     
  633334.8562  1.8789 -2.7984 3  461.6954 43  29003 30420 21821    20 11921     
  633335.9472  1.8789 -2.8202 3  461.6954 41  29003 30420 21820    20 11920     
  636457.3696   .5717 -2.3845 3  117.7480 21  29003 30410 2 910     9 2 8 9     
  636457.4075   .5717 -2.4284 3  117.7480 19  29003 30410 2 9 9     9 2 8 8     
  636457.4080   .5717 -2.3406 3  117.7480 23  29003 30410 2 911     9 2 810     
  636481.8633  1.2442 -2.9606 3  282.1727 75  29003 30312 5 8      13 4 9       
  637061.5285  1.2445 -2.9599 3  282.1535 75  29003 30312 5 7      13 410       
  637906.4728   .4629 -2.3734 3   75.9712 19  29003 304 9 1 9 9     8 0 8 8     
  637907.1480   .4629 -2.3246 3   75.9712 21  29003 304 9 1 910     8 0 8 9     
  637907.2108   .4629 -2.4224 3   75.9712 17  29003 304 9 1 9 8     8 0 8 7     
  638441.8825   .5262 -2.7926 3  215.2032 27  29003 30414 11313    13 21212     
  638441.9394   .5262 -2.7302 3  215.2032 31  29003 30414 11315    13 21214     
  638442.6915   .5262 -2.7614 3  215.2032 29  29003 30414 11314    13 21213     
  639806.9695  4.3507 -2.9898 3  627.7030 49  29003 30423 32024    23 22124     
  640098.8388  1.1475 -2.9204 3  292.9491 21  29003 30410 6 510     9 6 4 9     
  640098.8426  1.1475 -2.9204 3  292.9491 21  29003 30410 6 410     9 6 3 9     
  640098.9021  1.1475 -2.8765 3  292.9491 23  29003 30410 6 511     9 6 410     
  640098.9060  1.1475 -2.8765 3  292.9491 23  29003 30410 6 411     9 6 310     
  640098.9095  1.1475 -2.9643 3  292.9491 19  29003 30410 6 5 9     9 6 4 8     
  640098.9134  1.1475 -2.9643 3  292.9491 19  29003 30410 6 4 9     9 6 3 8     
  640508.0677  1.0303 -2.7258 3  232.8821 21  29003 30410 5 610     9 5 5 9     
  640508.1081  1.0303 -2.6820 3  232.8821 23  29003 30410 5 611     9 5 510     
  640508.1120  1.0303 -2.7698 3  232.8821 19  29003 30410 5 6 9     9 5 5 8     
  640508.6075  1.0303 -2.7258 3  232.8821 21  29003 30410 5 510     9 5 4 9     
  640508.6479  1.0303 -2.6820 3  232.8821 23  29003 30410 5 511     9 5 410     
  640508.6518  1.0303 -2.7698 3  232.8821 19  29003 30410 5 5 9     9 5 4 8     
  641129.0272   .8849 -2.5734 3  183.7184 21  29003 30410 4 710     9 4 6 9     
  641129.0468   .8849 -2.5295 3  183.7184 23  29003 30410 4 711     9 4 610     
  641129.0478   .8849 -2.6173 3  183.7184 19  29003 30410 4 7 9     9 4 6 8     
  641169.9430   .8848 -2.5733 3  183.7194 21  29003 30410 4 610     9 4 5 9     
  641169.9615   .8848 -2.5295 3  183.7194 23  29003 30410 4 611     9 4 510     
  641169.9624   .8848 -2.6173 3  183.7194 19  29003 30410 4 6 9     9 4 5 8     
  641753.1751   .7208 -2.4582 3  145.4844 21  29003 30410 3 810     9 3 7 9     
  641753.1816   .7208 -2.5022 3  145.4844 19  29003 30410 3 8 9     9 3 7 8     
  641753.1823   .7208 -2.4143 3  145.4844 23  29003 30410 3 811     9 3 710     
  642089.6323   .5797 -2.6502 3  117.5601 19  29003 30410 2 9 9    10 110 9     
  642089.7516   .5797 -2.5664 3  117.5601 23  29003 30410 2 911    10 11011     
  642090.9388   .5798 -2.6103 3  117.5601 21  29003 30410 2 910    10 11010     
  642764.9441  2.5172 -2.6829 3  396.7902 37  29003 30418 31518    18 21618     
  642765.2289  2.5172 -2.6587 3  396.7902 39  29003 30418 31519    18 21619     
  642765.2447  2.5172 -2.7058 3  396.7902 35  29003 30418 31517    18 21617     
  643242.7800   .7203 -2.5003 3  145.5430 19  29003 30410 3 7 9     9 3 6 8     
  643242.7827   .7203 -2.4125 3  145.5430 23  29003 30410 3 711     9 3 610     
  643242.8003   .7203 -2.4564 3  145.5430 21  29003 30410 3 710     9 3 6 9     
  654998.3455   .5744 -2.4066 3  119.0792 19  29003 30410 2 8 9     9 2 7 8     
  654998.3507   .5744 -2.3188 3  119.0792 23  29003 30410 2 811     9 2 710     
  654998.4376   .5744 -2.3626 3  119.0792 21  29003 30410 2 810     9 2 7 9     
  657363.4097  2.2223 -2.6242 3  357.0191 35  29003 30417 31417    17 21517     
  657363.7855  2.2223 -2.5986 3  357.0191 37  29003 30417 31418    17 21518     
  657363.8076  2.2223 -2.6484 3  357.0191 33  29003 30417 31416    17 21516     
  660227.9972   .4990 -2.3142 3  105.1262 21  29003 30410 1 910     9 1 8 9     
  660228.0538   .4990 -2.2703 3  105.1262 23  29003 30410 1 911     9 1 810     
  660228.0660   .4990 -2.3581 3  105.1262 19  29003 30410 1 9 9     9 1 8 8     
  668873.7556   .5778 -1.8052 3  117.5601 69  29003 30311 111      10 110       
  672466.5618   .7171 -2.6282 3  139.8713 21  29003 30411 21010    11 11110     
  672466.6703   .7171 -2.5520 3  139.8713 25  29003 30411 21012    11 11112     
  672467.8594   .7171 -2.5918 3  139.8713 23  29003 30411 21011    11 11111     
  674638.5156  1.9499 -2.5697 3  319.4407 33  29003 30416 31316    16 21416     
  674638.9676  1.9499 -2.5425 3  319.4407 35  29003 30416 31317    16 21417     
  674638.9959  1.9499 -2.5954 3  319.4407 31  29003 30416 31315    16 21415     
  676560.4163   .1489 -2.7948 3   12.1456  7  29003 304 3 2 2 3     2 1 1 2     
  676561.2616   .1487 -2.6345 3   12.1456  9  29003 304 3 2 2 4     2 1 1 3     
  676561.7313   .1489 -2.9655 3   12.1456  5  29003 304 3 2 2 2     2 1 1 1     
  679995.5106   .5710 -2.2656 3  115.4258 23  29003 30411 01111    10 01010     
  685093.8887   .5784 -2.2924 3   94.7078 21  29003 30410 11010     9 0 9 9     
  685094.4767   .5784 -2.2486 3   94.7078 23  29003 30410 11011     9 0 910     
  685094.5243   .5784 -2.3364 3   94.7078 19  29003 30410 110 9     9 0 9 8     
  685633.1728   .5795 -2.3261 3  139.8713 23  29003 30412 01211    11 11110     
  685633.4722   .5795 -2.2897 3  139.8713 25  29003 30412 01212    11 11111     
  687708.3475   .9364 -2.7357 3  280.6701 31  29003 30416 11515    16 01615     
  687708.4556   .9364 -2.6828 3  280.6701 35  29003 30416 11517    16 01617     
  687710.1823   .9364 -2.7100 3  280.6701 33  29003 30416 11516    16 01616     
  688328.6186  2.1390 -2.8583 3  506.0710 41  29003 30421 21920    21 12020     
  688328.6735  2.1390 -2.8178 3  506.0710 45  29003 30421 21922    21 12022     
  688329.8270  2.1391 -2.8385 3  506.0710 43  29003 30421 21921    21 12021     
  693068.0387   .1479 -2.9657 3   11.6163  5  29003 304 3 2 1 2     2 1 2 1     
  693068.6985   .1476 -2.6347 3   11.6163  9  29003 304 3 2 1 4     2 1 2 3     
  693069.9166   .1479 -2.7950 3   11.6163  7  29003 304 3 2 1 3     2 1 2 2     
  693591.1376  1.6986 -2.5202 3  284.0748 31  29003 30415 31215    15 21315     
  693591.6479  1.6986 -2.4911 3  284.0748 33  29003 30415 31216    15 21316     
  693591.6819  1.6986 -2.5475 3  284.0748 29  29003 30415 31214    15 21314     
  699250.6779   .7146 -1.8232 3  138.9779 69  29003 30311 210      10 2 9       
  702235.4620  1.4315 -2.8924 3  254.3297 69  29003 30311 5 7      12 4 8       
  702543.0627  1.4316 -2.8921 3  254.3195 69  29003 30311 5 6      12 4 9       
  703472.4730  1.9004 -2.8132 3  466.9781 69  29003 30311 8 3      10 8 2       
  703472.4730  1.9004 -2.8132 3  466.9781 69  29003 30311 8 4      10 8 3       
  703808.0428  1.4727 -2.5411 3  385.2235 69  29003 30311 7 5      10 7 4       
  703808.0429  1.4727 -2.5411 3  385.2235 69  29003 30311 7 4      10 7 3       
  704196.6685  1.3399 -2.3208 3  314.3005 69  29003 30311 6 6      10 6 5       
  704196.6809  1.3399 -2.3208 3  314.3005 69  29003 30311 6 5      10 6 4       
  704711.0343  1.2285 -2.1422 3  254.2471 69  29003 30311 5 7      10 5 6       
  704712.3812  1.2285 -2.1422 3  254.2472 69  29003 30311 5 6      10 5 5       
  705501.0194  1.0692 -2.0000 3  205.1042 69  29003 30311 4 8      10 4 7       
  705582.5589  1.0690 -1.9999 3  205.1066 69  29003 30311 4 7      10 4 6       
  705611.7557   .8742 -2.6141 3  164.1769 23  29003 30412 21111    12 11211     
  705611.8551   .8742 -2.5440 3  164.1769 27  29003 30412 21113    12 11213     
  705613.0441   .8743 -2.5805 3  164.1769 25  29003 30412 21112    12 11212     
  706131.8303   .8844 -1.8917 3  166.8910 69  29003 30311 3 9      10 3 8       
  708526.3650   .8837 -1.8891 3  166.9993 69  29003 30311 3 8      10 3 7       
  713222.5496  1.4674 -2.4766 3  250.9387 29  29003 30414 31114    14 21214     
  713223.0971  1.4674 -2.4454 3  250.9387 31  29003 30414 31115    14 21215     
  713223.1363  1.4674 -2.5057 3  250.9387 27  29003 30414 31113    14 21213     
              29004  HCO           
  260060.3290   .1001 -2.9992 3    8.6872  9 -29004 325 3 0 3 4 4   2 0 2 3 3   
  340798.2160   .1001 -2.7567 3   39.9738 11 -29004 325 4 1 4 5 5   3 1 3 4 4   
  340812.0780   .1001 -2.8597 3   39.9670  9 -29004 325 4 1 4 5 4   3 1 3 4 3   
  341671.5860   .1001 -2.8577 3   39.8789  9 -29004 325 4 1 4 4 4   3 1 3 3 3   
  341685.2560   .1001 -2.9896 3   39.8847  7 -29004 325 4 1 4 4 3   3 1 3 3 2   
  345655.5820   .1001 -2.9821 3  108.5848 11 -29004 325 4 2 3 5 5   3 2 2 4 4   
  345743.9720   .1001 -2.9819 3  108.5863 11 -29004 325 4 2 2 5 5   3 2 1 4 4   
  346708.4930   .1001 -2.6676 3   17.3619 11 -29004 325 4 0 4 5 5   3 0 3 4 4   
  346725.1720   .1001 -2.7596 3   17.3519  9 -29004 325 4 0 4 5 4   3 0 3 4 3   
  346787.8980   .1001 -2.7811 3   17.3701  9 -29004 325 4 0 4 4 4   3 0 3 3 3   
  346804.5970   .1001 -2.9007 3   17.3728  7 -29004 325 4 0 4 4 3   3 0 3 3 2   
  352204.2570   .1001 -2.7296 3   40.5474 11 -29004 325 4 1 3 5 5   3 1 2 4 4   
  352214.8610   .1001 -2.8315 3   40.5404  9 -29004 325 4 1 3 5 4   3 1 2 4 3   
  352967.8850   .1001 -2.8308 3   40.4393  9 -29004 325 4 1 3 4 4   3 1 2 3 3   
  352978.0600   .1001 -2.9627 3   40.4452  7 -29004 325 4 1 3 4 3   3 1 2 3 2   
  426142.5500   .0861 -2.4969 3   51.3416 13  29004 325 5 1 5 6 6   4 1 4 5 5   
  426157.7664   .0864 -2.5817 3   51.3353 11  29004 325 5 1 5 6 5   4 1 4 5 4   
  426736.0595   .0864 -2.5782 3   51.2758 11  29004 325 5 1 5 5 5   4 1 4 4 4   
  426751.1834   .0861 -2.6783 3   51.2821  9  29004 325 5 1 5 5 4   4 1 4 4 3   
  432712.3905   .1476 -2.6839 3  120.1146 13  29004 325 5 2 4 6 6   4 2 3 5 5   
  432717.8811   .1480 -2.7648 3  120.1076 11  29004 325 5 2 4 6 5   4 2 3 5 4   
  432888.7407   .1477 -2.6835 3  120.1190 13  29004 325 5 2 3 6 6   4 2 2 5 5   
  432894.2066   .1483 -2.7645 3  120.1120 11  29004 325 5 2 3 6 5   4 2 2 5 4   
  433310.3639   .0456 -2.4186 3   28.9268 13  29004 325 5 0 5 6 6   4 0 4 5 5   
  433323.2510   .0452 -2.4951 3   28.9174 11  29004 325 5 0 5 6 5   4 0 4 5 4   
  433394.5802   .0499 -2.5072 3   28.9377 11  29004 325 5 0 5 5 5   4 0 4 4 4   
  433407.5004   .0500 -2.6002 3   28.9410  9  29004 325 5 0 5 5 4   4 0 4 4 3   
  434656.5416   .1346 -2.7653 3  119.7957 11  29004 325 5 2 4 5 5   4 2 3 4 4   
  434661.1532   .1355 -2.8650 3  119.8015  9  29004 325 5 2 4 5 4   4 2 3 4 3   
  434829.0839   .1352 -2.7650 3  119.7999 11  29004 325 5 2 3 5 5   4 2 2 4 4   
  434833.7144   .1362 -2.8647 3  119.8058  9  29004 325 5 2 3 5 4   4 2 2 4 3   
  440381.8529   .0874 -2.4707 3   52.2957 13  29004 325 5 1 4 6 6   4 1 3 5 5   
  440390.4825   .0865 -2.5534 3   52.2890 11  29004 325 5 1 4 6 5   4 1 3 5 4   
  440868.8462   .0748 -2.5517 3   52.2130 11  29004 325 5 1 4 5 5   4 1 3 4 4   
  440877.2753   .0751 -2.6523 3   52.2193  9  29004 325 5 1 4 5 4   4 1 3 4 3   
  511423.8732   .1671 -2.2969 3   65.5562 15  29004 325 6 1 6 7 7   5 1 5 6 6   
  511446.4907   .1679 -2.3718 3   65.5504 13  29004 325 6 1 6 7 6   5 1 5 6 5   
  511865.6172   .1677 -2.3674 3   65.5102 13  29004 325 6 1 6 6 6   5 1 5 5 5   
  511888.1774   .1677 -2.4459 3   65.5170 11  29004 325 6 1 6 6 5   5 1 5 5 4   
  518971.1355   .6085 -2.7734 3  247.1145 15  29004 325 6 3 4 7 7   5 3 3 6 6   
  518972.0776   .6085 -2.7734 3  247.1145 15  29004 325 6 3 3 7 7   5 3 2 6 6   
  518974.9490   .6101 -2.8413 3  247.1075 13  29004 325 6 3 4 7 6   5 3 3 6 5   
  518975.8909   .6101 -2.8413 3  247.1075 13  29004 325 6 3 3 7 6   5 3 2 6 5   
  519579.9079   .3153 -2.4653 3  134.5483 15  29004 325 6 2 5 7 7   5 2 4 6 6   
  519584.0827   .3158 -2.5334 3  134.5415 13  29004 325 6 2 5 7 6   5 2 4 6 5   
  519854.2770   .0949 -2.2248 3   43.3805 15  29004 325 6 0 6 7 7   5 0 5 6 6   
  519864.4145   .0947 -2.2900 3   43.3715 13  29004 325 6 0 6 7 6   5 0 5 6 5   
  519887.8318   .3180 -2.4648 3  134.5586 15  29004 325 6 2 4 7 7   5 2 3 6 6   
  519891.9725   .3185 -2.5330 3  134.5518 13  29004 325 6 2 4 7 6   5 2 3 6 5   
  519942.6593   .1008 -2.2976 3   43.3942 13  29004 325 6 0 6 6 6   5 0 5 5 5   
  519952.7862   .1007 -2.3741 3   43.3979 11  29004 325 6 0 6 6 5   5 0 5 5 4   
  520928.6415   .2940 -2.5333 3  134.2942 13  29004 325 6 2 5 6 6   5 2 4 5 5   
  520932.3430   .2947 -2.6141 3  134.3002 11  29004 325 6 2 5 6 5   5 2 4 5 4   
  521231.0419   .2969 -2.5328 3  134.3043 13  29004 325 6 2 4 6 6   5 2 3 5 5   
  521234.7615   .2977 -2.6136 3  134.3102 11  29004 325 6 2 4 6 5   5 2 3 5 4   
  521916.6384   .5630 -2.8411 3  246.5339 13  29004 325 6 3 4 6 6   5 3 3 5 5   
  521917.5532   .5631 -2.8411 3  246.5339 13  29004 325 6 3 3 6 6   5 3 2 5 5   
  521919.2113   .5652 -2.9217 3  246.5398 11  29004 325 6 3 4 6 5   5 3 3 5 4   
  521920.1264   .5653 -2.9217 3  246.5398 11  29004 325 6 3 3 6 5   5 3 2 5 4   
  528493.8873   .1737 -2.2718 3   66.9852 15  29004 325 6 1 5 7 7   5 1 4 6 6   
  528501.7407   .1724 -2.3414 3   66.9789 13  29004 325 6 1 5 7 6   5 1 4 6 5   
  528836.5261   .1585 -2.3395 3   66.9188 13  29004 325 6 1 5 6 6   5 1 4 5 5   
  528844.2561   .1582 -2.4210 3   66.9254 11  29004 325 6 1 5 6 5   5 1 4 5 4   
  596657.7213   .2884 -2.1391 3   82.6155 17  29004 325 7 1 7 8 8   6 1 6 7 7   
  596703.4237   .2921 -2.2179 3   82.6104 15  29004 325 7 1 7 8 7   6 1 6 7 6   
  596991.7000   .2895 -2.2122 3   82.5842 15  29004 325 7 1 7 7 7   6 1 6 6 6   
  597037.3604   .2893 -2.2658 3   82.5918 13  29004 325 7 1 7 7 6   6 1 6 6 5   
  605162.1577  2.0142 -2.9890 3  419.3967 17  29004 325 7 4 4 8 8   6 4 3 7 7   
  605162.1608  2.0142 -2.9890 3  419.3967 17  29004 325 7 4 3 8 8   6 4 2 7 7   
  605949.2770  1.1547 -2.5826 3  264.4255 17  29004 325 7 3 5 8 8   6 3 4 7 7   
  605951.3914  1.1548 -2.5826 3  264.4255 17  29004 325 7 3 4 8 8   6 3 3 7 7   
  605952.1597  1.1560 -2.6413 3  264.4186 15  29004 325 7 3 5 8 7   6 3 4 7 6   
  605954.2738  1.1561 -2.6413 3  264.4187 15  29004 325 7 3 4 8 7   6 3 3 7 6   
  606328.9647   .1764 -2.0710 3   60.7210 17  29004 325 7 0 7 8 8   6 0 6 7 7   
  606337.0582   .1764 -2.1278 3   60.7123 15  29004 325 7 0 7 8 7   6 0 6 7 6   
  606340.6098   .5633 -2.2973 3  151.8797 17  29004 325 7 2 6 8 8   6 2 5 7 7   
  606344.0640   .5636 -2.3561 3  151.8729 15  29004 325 7 2 6 8 7   6 2 5 7 6   
  606420.5503   .1855 -2.1330 3   60.7376 15  29004 325 7 0 7 7 7   6 0 6 6 6   
  606428.6028   .1857 -2.1981 3   60.7416 13  29004 325 7 0 7 7 6   6 0 6 6 5   
  606832.2938   .5721 -2.2966 3  151.9002 17  29004 325 7 2 5 8 8   6 2 4 7 7   
  606835.7002   .5725 -2.3555 3  151.8935 15  29004 325 7 2 5 8 7   6 2 4 7 6   
  607343.9442   .5372 -2.3557 3  151.6705 15  29004 325 7 2 6 7 7   6 2 5 6 6   
  607347.1092   .5377 -2.4237 3  151.6766 13  29004 325 7 2 6 7 6   6 2 5 6 5   
  607828.0835   .5461 -2.3551 3  151.6907 15  29004 325 7 2 5 7 7   6 2 4 6 6   
  607831.2617   .5466 -2.4231 3  151.6968 13  29004 325 7 2 5 7 6   6 2 4 6 5   
  608092.6151  1.0980 -2.6408 3  263.9431 15  29004 325 7 3 5 7 7   6 3 4 6 6   
  608094.6770  1.0980 -2.6408 3  263.9432 15  29004 325 7 3 4 7 7   6 3 3 6 6   
  608094.7781  1.0996 -2.7087 3  263.9491 13  29004 325 7 3 5 7 6   6 3 4 6 5   
  608096.8403  1.0996 -2.7087 3  263.9492 13  29004 325 7 3 4 7 6   6 3 3 6 5   
  616560.3125   .3115 -2.1152 3   84.6139 17  29004 325 7 1 6 8 8   6 1 5 7 7   
  616568.0018   .3095 -2.1755 3   84.6078 15  29004 325 7 1 6 8 7   6 1 5 7 6   
  616811.9624   .2887 -2.1736 3   84.5589 15  29004 325 7 1 6 7 7   6 1 5 6 6   
  616819.4575   .2880 -2.2422 3   84.5657 13  29004 325 7 1 6 7 6   6 1 5 6 5   
  681566.4940   .4735 -2.9754 3  102.5143 17  29004 325 8 1 8 9 8   7 1 7 8 7   
  681848.4712   .4558 -2.0135 3  102.5179 19  29004 325 8 1 8 9 9   7 1 7 8 8   
  681959.4577   .4675 -2.1251 3  102.5143 17  29004 325 8 1 8 8 8   7 1 7 8 7   
  682063.2730   .4569 -2.1182 3  102.4977 17  29004 325 8 1 8 9 8   7 1 7 7 7   
  682174.2248   .4569 -2.1238 3  102.5068 15  29004 325 8 1 8 8 7   7 1 7 7 6   
  682456.2367   .4597 -2.9821 3  102.4977 17  29004 325 8 1 8 8 8   7 1 7 7 7   
  691233.1056   .1248 -2.8341 3    8.6872  7  29004 325 2 1 1 3 3   2 0 2 3 3   
  691597.6006   .1989 -2.9531 3   17.3701  7  29004 325 3 1 2 3 3   3 0 3 3 3   
  692159.9652  3.3232 -2.8195 3  439.5827 19  29004 325 8 4 5 9 9   7 4 4 8 8   
  692159.9738  3.3232 -2.8195 3  439.5827 19  29004 325 8 4 4 9 9   7 4 3 8 8   
  692162.2688  3.3252 -2.8710 3  439.5758 17  29004 325 8 4 5 9 8   7 4 4 8 7   
  692162.2775  3.3252 -2.8710 3  439.5758 17  29004 325 8 4 4 9 8   7 4 3 8 7   
  692723.1602   .2942 -1.9485 3   80.9460 19  29004 325 8 0 8 9 9   7 0 7 8 8   
  692729.4867   .2952 -1.9987 3   80.9375 17  29004 325 8 0 8 9 8   7 0 7 8 7   
  692811.0958  1.9089 -2.4375 3  284.6378 19  29004 325 8 3 6 9 9   7 3 5 8 8   
  692812.1922   .3364 -2.0030 3   80.9656 17  29004 325 8 0 8 8 8   7 0 7 7 7   
  692813.4029  1.9099 -2.4891 3  284.6310 17  29004 325 8 3 6 9 8   7 3 5 8 7   
  692815.3149  1.9091 -2.4375 3  284.6379 19  29004 325 8 3 5 9 9   7 3 4 8 8   
  692817.6216  1.9101 -2.4891 3  284.6311 17  29004 325 8 3 5 9 8   7 3 4 8 7   
  692818.3515   .3390 -2.0596 3   80.9699 15  29004 325 8 0 8 8 7   7 0 7 7 6   
  693027.5453   .9032 -2.1656 3  172.1050 19  29004 325 8 2 7 9 9   7 2 6 8 8   
  693030.6072   .9033 -2.2174 3  172.0984 17  29004 325 8 2 7 9 8   7 2 6 8 7   
  693763.6044   .9240 -2.1647 3  172.1420 19  29004 325 8 2 6 9 9   7 2 5 8 8   
  693766.5981   .9242 -2.2166 3  172.1354 17  29004 325 8 2 6 9 8   7 2 5 8 7   
  693811.9016   .8740 -2.2169 3  171.9294 17  29004 325 8 2 7 8 8   7 2 6 7 7   
  693814.7705   .8743 -2.2756 3  171.9356 15  29004 325 8 2 7 8 7   7 2 6 7 6   
  694452.3162  1.8449 -2.4886 3  284.2269 17  29004 325 8 3 6 8 8   7 3 5 7 7   
  694454.1677  1.8461 -2.5472 3  284.2330 15  29004 325 8 3 6 8 7   7 3 5 7 6   
  694456.4436  1.8451 -2.4885 3  284.2270 17  29004 325 8 3 5 8 8   7 3 4 7 7   
  694458.2955  1.8463 -2.5472 3  284.2331 15  29004 325 8 3 5 8 7   7 3 4 7 6   
  694538.0951   .8948 -2.2161 3  171.9656 17  29004 325 8 2 6 8 8   7 2 5 7 7   
  694540.9655   .8951 -2.2748 3  171.9718 15  29004 325 8 2 6 8 7   7 2 5 7 6   
  694996.9414  3.1775 -2.8700 3  438.8519 17  29004 325 8 4 5 8 8   7 4 4 7 7   
  694996.9498  3.1775 -2.8700 3  438.8519 17  29004 325 8 4 4 8 8   7 4 3 7 7   
  694998.3279  3.1797 -2.9286 3  438.8580 15  29004 325 8 4 5 8 7   7 4 4 7 6   
  694998.3363  3.1797 -2.9286 3  438.8580 15  29004 325 8 4 4 8 7   7 4 3 7 6   
  695084.3037   .1409 -2.7183 3   17.3619  9  29004 325 3 1 2 4 4   3 0 3 4 4   
  695174.9572   .1407 -2.9126 3   17.3519  7  29004 325 3 1 2 4 3   3 0 3 4 3   
  697777.6402   .2183 -2.8274 3   28.9377  9  29004 325 4 1 3 4 4   4 0 4 4 4   
  697867.3459   .2227 -2.8502 3   28.9410  7  29004 325 4 1 3 4 3   4 0 4 4 3   
  700579.9656   .1631 -2.6409 3   28.9268 11  29004 325 4 1 3 5 5   4 0 4 5 5   
  700664.5986   .1620 -2.8074 3   28.9174  9  29004 325 4 1 3 5 4   4 0 4 5 4   
  704543.1130   .5594 -1.9913 3  105.1801 19  29004 325 8 1 7 9 9   7 1 6 8 8   
  704552.0406   .5533 -2.0446 3  105.1743 17  29004 325 8 1 7 9 8   7 1 6 8 7   
  704768.6049   .4708 -2.0428 3  105.1336 17  29004 325 8 1 7 8 8   7 1 6 7 7   
  704777.5003   .4679 -2.1017 3  105.1406 15  29004 325 8 1 7 8 7   7 1 6 7 6   
  705251.9061   .2366 -2.7453 3   43.3942 11  29004 325 5 1 4 5 5   5 0 5 5 5   
  705337.1209   .2410 -2.7546 3   43.3979  9  29004 325 5 1 4 5 4   5 0 5 5 4   
  707651.4546   .2185 -2.5873 3   43.3805 13  29004 325 5 1 4 6 6   5 0 5 6 6   
  707731.8302   .2157 -2.7343 3   43.3715 11  29004 325 5 1 4 6 5   5 0 5 6 5   
  714145.7729   .3376 -2.6913 3   60.7376 13  29004 325 6 1 5 6 6   6 0 6 6 6   
  714228.5908   .3404 -2.6903 3   60.7416 11  29004 325 6 1 5 6 5   6 0 6 6 5   
              29005  NNH+          
  279511.7010   .0500  -.9019 2    9.3237 63 -29005 101 3           2           
  372672.5090   .0500  -.5499 2   18.6472 81 -29005 101 4           3           
  465824.9470   .2500  -.2884 2   31.0782 99 -29005 101 5           4           
  558966.6656   .0946  -.0867 2   46.6165117  29005 101 6           5           
  652095.8651   .1621   .0719 2   65.2616135  29005 101 7           6           
              29006  CO-17         
  674009.3443   .0287 -2.8472 2   56.2137 13  29006 101 6           5           
              29007  HOC+          
  268451.0940  0.0500 -0.8121 2    8.9548  7 -29007 101 3           2           
  357921.9870  0.0500 -0.4591 2   17.9094  9 -29007 101 4           3           
  447381.7656  0.1318 -0.1963 2   29.8484 11  29007 101 5           4           
  536827.7599  0.2774  0.0070 2   44.7714 13  29007 101 6           5           
  626257.1949  0.4918  0.1674 2   62.6781 15  29007 101 7           6           
              30001  CO-18         
  658553.2728   .0234 -2.8728 2   54.9244 13  30001 101 6           5           
              30002  HC-13-O+      
  260255.4780   .0000 -1.0150 2    8.6814  7  30002 101 3           2           
  346998.5400   .0000  -.6614 2   17.3626  9  30002 101 4           3           
  433734.0900   .0000  -.3979 2   28.9372 11  30002 101 5           4           
  520460.2500   .0000  -.1937 2   43.4050 13  30002 101 6           5           
  607175.1420   .0000  -.0322 2   60.7657 15  30002 101 7           6           
  693876.8880   .0000   .0963 2   81.0189 17  30002 101 8           7           
              30003  DCO+          
  216112.6045   .0500 -1.2525 2    7.2089 21 -30003 101 3           2           
  288143.9110   .0500  -.8953 2   14.4176 27 -30003 101 4           3           
  360169.8810   .1000  -.6272 2   24.0291 33 -30003 101 5           4           
  432189.0330   .0500  -.4173 2   36.0430 39 -30003 101 6           5           
  504200.2000   .0423  -.2491 2   50.4593 45  30003 101 7           6           
  576201.9724   .0733  -.1129 2   67.2776 51  30003 101 8           7           
  648193.0137   .1156  -.0021 2   86.4976 57  30003 101 9           8           
              30004  H2CO          
  211211.4680   .0100 -2.3879 3   15.2369 21 -30004 303 3 1 3       2 1 2       
  218222.1920   .0100 -2.7693 3    7.2864  7 -30004 303 3 0 3       2 0 2       
  225697.7750   .0100 -2.3318 3   15.7202 21 -30004 303 3 1 2       2 1 1       
  281526.9290   .0100 -2.0074 3   22.2822 27 -30004 303 4 1 4       3 1 3       
  290623.4050   .0100 -2.4132 3   14.5655  9 -30004 303 4 0 4       3 0 3       
  291237.7800   .2000 -2.6044 3   47.3278  9 -30004 303 4 2 3       3 2 2       
  291380.4880   .1000 -2.4462 3   88.2382 27 -30004 303 4 3 2       3 3 1       
  291384.2640   .1000 -2.4461 3   88.2383 27 -30004 303 4 3 1       3 3 0       
  291948.0600   .2000 -2.6024 3   47.3397  9 -30004 303 4 2 2       3 2 1       
  300836.6350   .0100 -1.9524 3   23.2487 27 -30004 303 4 1 3       3 1 2       
  351768.6450   .0300 -1.7287 3   31.6729 33 -30004 303 5 1 5       4 1 4       
  362736.0480   .0300 -2.1465 3   24.2597 11 -30004 303 5 0 5       4 0 4       
  363945.8940   .0300 -2.2875 3   57.0425 11 -30004 303 5 2 4       4 2 3       
  364103.2490   .0300 -2.8594 3  155.1694 11 -30004 303 5 4 2       4 4 1       
  364103.2490   .0300 -2.8594 3  155.1694 11 -30004 303 5 4 1       4 4 0       
  364275.1410   .1000 -2.0129 3   97.9576 33 -30004 303 5 3 3       4 3 2       
  364288.8840   .1000 -2.0128 3   97.9578 33 -30004 303 5 3 2       4 3 1       
  365363.4280   .0300 -2.2842 3   57.0780 11 -30004 303 5 2 3       4 2 2       
  375893.2160   .0300 -1.6752 3   33.2835 33 -30004 303 5 1 4       4 1 3       
  421920.7720   .2000 -1.5129 3   43.4067 39 -30004 303 6 1 6       5 1 5       
  434492.9950   .0300 -1.9384 3   36.3592 13 -30004 303 6 0 6       5 0 5       
  436586.4860   .0300 -2.0534 3   69.1824 13 -30004 303 6 2 5       5 2 4       
  436751.0548   .0069 -2.3971 3  240.7772 39  30004 303 6 5 2       5 5 1       
  436751.0400   .0300 -2.3971 3  240.7772 39 -30004 303 6 5 1       5 5 0       
  436957.4060   .5000 -2.4612 3  167.3146 13 -30004 303 6 4 3       5 4 2       
  436957.4060   .5000 -2.4612 3  167.3146 13 -30004 303 6 4 2       5 4 1       
  437199.5190   .0300 -1.7341 3  110.1086 39 -30004 303 6 3 4       5 3 3       
  437235.9760   .0300 -1.7340 3  110.1092 39 -30004 303 6 3 3       5 3 2       
  439057.7860   .0300 -2.0488 3   69.2652 13 -30004 303 6 2 4       5 2 3       
  450844.4120   .1000 -1.4614 3   45.8220 39 -30004 303 6 1 5       5 1 4       
  491968.3704   .0047 -1.3410 3   57.4804 45  30004 303 7 1 7       6 1 6       
  505833.7160   .0048 -1.7721 3   50.8524 15  30004 303 7 0 7       6 0 6       
  509146.2487   .0044 -1.8716 3   83.7453 15  30004 303 7 2 6       6 2 5       
  509306.0428   .0102 -2.9547 3  344.9879 15  30004 303 7 6 2       6 6 1       
  509306.0428   .0102 -2.9547 3  344.9879 15  30004 303 7 6 1       6 6 0       
  509562.1392   .0074 -2.0242 3  255.3456 45  30004 303 7 5 3       6 5 2       
  509562.1410   .0074 -2.0242 3  255.3456 45  30004 303 7 5 2       6 5 1       
  509829.5700   .0056 -2.2095 3  181.8899 15  30004 303 7 4 4       6 4 3       
  509830.1646   .0056 -2.2095 3  181.8899 15  30004 303 7 4 3       6 4 2       
  510155.7496   .0046 -1.5292 3  124.6920 45  30004 303 7 3 5       6 3 4       
  510237.8575   .0046 -1.5291 3  124.6938 45  30004 303 7 3 4       6 3 3       
  513076.3587   .0044 -1.8654 3   83.9106 15  30004 303 7 2 5       6 2 4       
  525665.8334   .0047 -1.2917 3   60.8605 45  30004 303 7 1 6       6 1 5       
  561899.3180   .1000 -1.2021 3   73.8907 51 -30004 303 8 1 8       7 1 7       
  576708.3150   .1000 -1.6379 3   67.7252 17 -30004 303 8 0 8       7 0 7       
  581611.8470   .1000 -1.7270 3  100.7286 17 -30004 303 8 2 7       7 2 6       
  581749.9830   .1000 -2.6160 3  467.7127 51 -30004 303 8 7 2       7 7 1       
  581749.9886   .0154 -2.6160 3  467.7127 51  30004 303 8 7 1       7 7 0       
  582070.8065   .0104 -2.6014 3  361.9765 17  30004 303 8 6 2       7 6 1       
  582070.7950   .1000 -2.6014 3  361.9765 17 -30004 303 8 6 3       7 6 2       
  582382.0700   .1000 -1.7932 3  272.3428 51 -30004 303 8 5 4       7 5 3       
  582382.0861   .0075 -1.7932 3  272.3428 51  30004 303 8 5 3       7 5 2       
  582722.9530   .1000 -2.0266 3  198.8960 17 -30004 303 8 4 5       7 4 4       
  582724.2800   .1000 -2.0266 3  198.8960 17 -30004 303 8 4 4       7 4 3       
  583144.6040   .1000 -1.3707 3  141.7089 51 -30004 303 8 3 6       7 3 5       
  583308.5580   .1000 -1.3705 3  141.7135 51 -30004 303 8 3 5       7 3 4       
  587453.6590   .1000 -1.7191 3  101.0250 17 -30004 303 8 2 6       7 2 5       
  600330.5660   .1000 -1.1553 3   78.3949 51 -30004 303 8 1 7       7 1 6       
  631702.8130   .1000 -1.0892 3   92.6337 57 -30004 303 9 1 9       8 1 8       
  647081.7350   .0300 -1.5294 3   86.9621 19 -30004 303 9 0 9       8 0 8       
  653970.1550   .0400 -1.6108 3  120.1291 19 -30004 303 9 2 8       8 2 7       
  654463.3597   .0150 -2.2787 3  487.1178 57  30004 303 9 7 2       8 7 1       
  654463.3450   .0300 -2.2787 3  487.1178 57 -30004 303 9 7 3       8 7 2       
  654838.2250   .0400 -2.3871 3  381.3923 19 -30004 303 9 6 4       8 6 3       
  654838.2465   .0103 -2.3871 3  381.3923 19  30004 303 9 6 3       8 6 2       
  655212.1215   .0075 -1.6278 3  291.7689 57  30004 303 9 5 5       8 5 4       
  655212.1457   .0075 -1.6278 3  291.7689 57  30004 303 9 5 4       8 5 3       
  655639.9070   .0500 -1.8867 3  218.3336 19 -30004 303 9 4 6       8 4 5       
  655643.6760   .0500 -1.8867 3  218.3336 19 -30004 303 9 4 5       8 4 4       
  656164.7080   .0500 -1.2454 3  161.1605 57 -30004 303 9 3 7       8 3 6       
  656464.5720   .0300 -1.2450 3  161.1706 57 -30004 303 9 3 6       8 3 5       
  662209.1580   .0052 -1.6012 3  120.6203 19  30004 303 9 2 7       8 2 6       
  674809.7760   .1000 -1.0454 3   98.4197 57 -30004 303 9 1 8       8 1 7       
  701370.4580   .1000  -.9979 3  113.7050 63 -30004 30310 110       9 1 9       
              30005  C-13-H2NH     
  205962.2953   .1790 -2.8641 3   31.1150 11  30005 303 5 1 4       5 0 5       
  224090.8475   .2441 -2.7669 3   43.4819 13  30005 303 6 1 5       6 0 6       
  239511.9077   .0391 -2.9480 3   17.4955  9  30005 303 4 1 4       3 1 3       
  240356.1853   .0423 -2.9506 3   35.4645 13  30005 303 6 0 6       5 1 5       
  246389.7564   .3266 -2.6796 3   57.8554 15  30005 303 7 1 6       7 0 7       
  248668.2995   .0226 -2.8775 3   12.4804  9  30005 303 4 0 4       3 0 3       
  259665.2826   .0378 -2.8806 3   18.5044  9  30005 303 4 1 3       3 1 2       
  273261.6837   .4278 -2.6008 3   74.2137 17  30005 303 8 1 7       8 0 8       
  299184.3069   .0499 -2.6663 3   25.4848 11  30005 303 5 1 5       4 1 4       
  305050.0099   .5484 -2.5302 3   92.5352 19  30005 303 9 1 8       9 0 9       
  309982.7120   .0302 -2.6088 3   20.7751 11  30005 303 5 0 5       4 0 4       
  312017.9342   .0270 -2.7243 3   42.8406 11  30005 303 5 2 4       4 2 3       
  312534.1998   .0588 -2.6514 3   47.4304 15  30005 303 7 0 7       6 1 6       
  312654.5096   .0271 -2.8980 3   70.3672 11  30005 303 5 3 3       4 3 2       
  312689.2198   .0271 -2.8979 3   70.3676 11  30005 303 5 3 2       4 3 1       
  314309.6584   .0297 -2.7182 3   42.8983 11  30005 303 5 2 3       4 2 2       
  324353.7205   .0462 -2.6005 3   27.1659 11  30005 303 5 1 4       4 1 3       
  337254.1614   .0412 -2.7753 3    6.2460  7  30005 303 3 1 3       2 0 2       
  341986.8505   .6876 -2.4677 3  112.8002 21  30005 30310 1 9      10 010       
  358728.4443   .0614 -2.4468 3   35.4645 13  30005 303 6 1 6       5 1 5       
  370752.3978   .0400 -2.3980 3   31.1150 13  30005 303 6 0 6       5 0 5       
  374209.9459   .0325 -2.4866 3   53.2484 13  30005 303 6 2 5       5 2 4       
  375121.9966   .0325 -2.8261 3  119.3043 13  30005 303 6 4 3       5 4 2       
  375122.7040   .0325 -2.8261 3  119.3043 13  30005 303 6 4 2       5 4 1       
  375319.2809   .0326 -2.6151 3   80.7963 13  30005 303 6 3 4       5 3 3       
  375411.7218   .0327 -2.6149 3   80.7978 13  30005 303 6 3 3       5 3 2       
  378186.3529   .0386 -2.4778 3   53.3825 13  30005 303 6 2 4       5 2 3       
  384815.4043   .0705 -2.4158 3   61.3776 17  30005 303 8 0 8       7 1 7       
  388880.9501   .0537 -2.3830 3   37.9851 13  30005 303 6 1 5       5 1 4       
  389862.9172   .0598 -2.5608 3   12.4804  9  30005 303 4 1 4       3 0 3       
  416384.9195   .0735 -2.2502 3  124.2076 21  30005 30310 2 8      10 1 9       
  418127.1548   .0735 -2.2705 3   47.4304 15  30005 303 7 1 7       6 1 6       
  422221.5185   .0708 -2.2575 3  102.7106 19  30005 303 9 2 7       9 1 8       
  430439.6826   .0743 -2.2731 3   83.3287 17  30005 303 8 2 6       8 1 7       
  430906.4588   .0528 -2.2286 3   43.4819 15  30005 303 7 0 7       6 0 6       
  436286.9013   .0381 -2.3003 3   65.7307 15  30005 303 7 2 6       6 2 5       
  437594.4112   .0378 -2.8114 3  181.3302 15  30005 303 7 5 3       6 5 2       
  437594.4228   .0378 -2.8114 3  181.3302 15  30005 303 7 5 2       6 5 1       
  437758.4773   .0379 -2.5696 3  131.8171 15  30005 303 7 4 4       6 4 3       
  437760.8339   .0379 -2.5696 3  131.8171 15  30005 303 7 4 3       6 4 2       
  438042.8242   .0381 -2.4054 3   93.3156 15  30005 303 7 3 5       6 3 4       
  438250.3733   .0384 -2.4050 3   93.3202 15  30005 303 7 3 4       6 3 3       
  440265.3291   .0753 -2.2991 3   66.0741 15  30005 303 7 2 5       7 1 6       
  440378.9246   .0900 -2.3854 3   20.7751 11  30005 303 5 1 5       4 0 4       
  442562.5168   .0495 -2.2886 3   65.9975 15  30005 303 7 2 5       6 2 4       
  450908.1799   .0754 -2.3385 3   50.9568 13  30005 303 6 2 4       6 1 5       
  453205.3676   .0602 -2.2092 3   50.9568 15  30005 303 7 1 6       6 1 5       
  456712.9233   .0760 -2.2259 3   77.3009 19  30005 303 9 0 9       8 1 8       
  461602.7771   .0794 -2.3957 3   37.9851 11  30005 303 5 2 3       5 1 4       
  471646.8392   .0899 -2.4786 3   27.1659  9  30005 303 4 2 2       4 1 3       
  477367.4717   .0865 -2.1265 3   61.3776 17  30005 303 8 1 8       7 1 7       
  480430.9378   .1047 -2.6052 3   18.5044  7  30005 303 3 2 1       3 1 2       
  487457.5365   .1198 -2.8364 3   12.0048  5  30005 303 2 2 0       2 1 1       
  489124.6568   .1264 -2.2384 3   31.1150 13  30005 303 6 1 6       5 0 5       
  490408.3594   .0686 -2.0905 3   57.8554 17  30005 303 8 0 8       7 0 7       
  498230.1243   .0439 -2.1505 3   80.2837 17  30005 303 8 2 7       7 2 6       
  500075.0700   .0433 -2.8451 3  256.4450 17  30005 303 8 6 3       7 6 2       
  500075.0701   .0433 -2.8451 3  256.4450 17  30005 303 8 6 2       7 6 1       
  500204.1990   .0433 -2.5749 3  195.9268 17  30005 303 8 5 4       7 5 3       
  500204.2454   .0433 -2.5749 3  195.9268 17  30005 303 8 5 3       7 5 2       
  500447.8133   .0435 -2.3812 3  146.4191 17  30005 303 8 4 5       7 4 4       
  500454.2876   .0435 -2.3812 3  146.4192 17  30005 303 8 4 4       7 4 3       
  500823.6541   .0437 -2.2413 3  107.9271 17  30005 303 8 3 6       7 3 5       
  501237.3910   .0444 -2.2406 3  107.9386 17  30005 303 8 3 5       7 3 4       
  502464.5090   .1589 -2.8292 3   11.5003  5  30005 303 2 2 1       2 1 2       
  507454.6402   .0627 -2.1358 3   80.7598 17  30005 303 8 2 6       7 2 5       
  510097.1258   .1806 -2.5907 3   17.4955  7  30005 303 3 2 2       3 1 3       
  517280.2867   .0656 -2.0680 3   66.0741 17  30005 303 8 1 7       7 1 6       
  520315.0464   .2107 -2.4545 3   25.4848  9  30005 303 4 2 3       4 1 4       
  527801.2764   .0748 -2.0711 3   95.1946 21  30005 30310 010       9 1 9       
  533148.6736   .2495 -2.3598 3   35.4645 11  30005 303 5 2 4       5 1 5       
  536440.9179   .1001 -2.0078 3   77.3009 19  30005 303 9 1 9       8 1 8       
  536499.4138   .1652 -2.1132 3   43.4819 15  30005 303 7 1 7       6 0 6       
  548630.1753   .2974 -2.2887 3   47.4304 13  30005 303 6 2 5       6 1 6       
  549264.9907   .0871 -1.9772 3   74.2137 19  30005 303 9 0 9       8 0 8       
  560021.3916   .0500 -2.0286 3   96.9029 19  30005 303 9 2 8       8 2 7       
  562560.0021   .0486 -2.9218 3  344.6485 19  30005 303 9 7 3       8 7 2       
  562560.0021   .0486 -2.9218 3  344.6485 19  30005 303 9 7 2       8 7 1       
  562668.6482   .0487 -2.6246 3  273.1257 19  30005 303 9 6 4       8 6 3       
  562668.6490   .0487 -2.6246 3  273.1257 19  30005 303 9 6 3       8 6 2       
  562852.5277   .0488 -2.4034 3  212.6118 19  30005 303 9 5 5       8 5 4       
  562852.6785   .0488 -2.4034 3  212.6118 19  30005 303 9 5 4       8 5 3       
  563196.6649   .0491 -2.2350 3  163.1122 19  30005 303 9 4 6       8 4 5       
  563212.1805   .0491 -2.2350 3  163.1126 19  30005 303 9 4 5       8 4 4       
  563655.7900   .0494 -2.1098 3  124.6328 19  30005 303 9 3 7       8 3 6       
  564410.6634   .0510 -2.1087 3  124.6581 19  30005 303 9 3 6       8 3 5       
  566789.9218   .3544 -2.2336 3   61.3776 15  30005 303 7 2 6       7 1 7       
  572835.1529   .0776 -2.0108 3   97.6866 19  30005 303 9 2 7       8 2 6       
  581053.3169   .0696 -1.9526 3   83.3287 19  30005 303 9 1 8       8 1 7       
  582960.4267   .2032 -2.0057 3   57.8554 17  30005 303 8 1 8       7 0 7       
  587652.5744   .4206 -2.1906 3   77.3009 17  30005 303 8 2 7       8 1 8       
  588415.2421   .2775 -2.9673 3  143.4848 17  30005 303 8 4 5       9 3 6       
  589939.8468   .2892 -2.9653 3  143.4343 17  30005 303 8 4 4       9 3 7       
  595343.5861   .1145 -1.9098 3   95.1946 21  30005 30310 110       9 1 9       
  607529.2710   .1076 -1.8843 3   92.5352 21  30005 30310 010       9 0 9       
  611233.0480   .4957 -2.1574 3   95.1946 19  30005 303 9 2 8       9 1 9       
  617292.6968   .1378 -2.3911 3    7.6701  5  30005 303 2 2 1       1 1 0       
  621643.1485   .0566 -1.9289 3  115.5832 21  30005 30310 2 9       9 2 8       
  622449.0236   .1511 -2.3904 3    7.5019  5  30005 303 2 2 0       1 1 1       
  625142.9011   .0541 -2.7148 3  363.4134 21  30005 30310 7 4       9 7 3       
  625142.9011   .0541 -2.7148 3  363.4134 21  30005 30310 7 3       9 7 2       
  625291.9660   .0542 -2.4670 3  291.8943 21  30005 30310 6 5       9 6 4       
  625291.9689   .0542 -2.4670 3  291.8943 21  30005 30310 6 4       9 6 3       
  625544.2236   .0543 -2.2718 3  231.3866 21  30005 30310 5 6       9 5 5       
  625544.6455   .0543 -2.2718 3  231.3866 21  30005 30310 5 5       9 5 4       
  626011.0154   .0547 -2.1188 3  181.8985 21  30005 30310 4 7       9 4 6       
  626044.5646   .0548 -2.1188 3  181.8993 21  30005 30310 4 6       9 4 5       
  626528.6790   .0550 -2.0033 3  143.4343 21  30005 30310 3 8       9 3 7       
  627813.9797   .0583 -2.0017 3  143.4848 21  30005 30310 3 7       9 3 6       
  628992.9853   .2378 -1.9129 3   74.2137 19  30005 303 9 1 9       8 0 8       
  637532.6104   .5797 -2.1325 3  115.0532 21  30005 30310 2 9      10 110       
  638629.5125   .0934 -1.9084 3  116.7944 21  30005 30310 2 8       9 2 7       
  644466.1115   .0722 -1.8585 3  102.7106 21  30005 30310 1 9       9 1 8       
  652378.0921   .2885 -2.9642 3  124.6581 15  30005 303 7 4 4       8 3 5       
  653141.3491   .2943 -2.9633 3  124.6328 15  30005 303 7 4 3       8 3 6       
  674706.7907   .1292 -2.2791 3   12.0048  7  30005 303 3 2 2       2 1 1       
  675071.5807   .2673 -1.8330 3   92.5352 21  30005 30310 110       9 0 9       
  690406.3713   .1695 -2.2791 3   11.5003  7  30005 303 3 2 1       2 1 2       
THIS form is currently limited to 1000 lines. Please limit your search.
