          338.5,               0         0.1582,               0
          339.4,               0         0.2026,               0
          340.3,               0         0.2435,               0
          341.3,               0          0.275,               0
          342.2,               0         0.2611,               0
          343.1,               0          0.228,               0
            344,               0         0.2382,               0
          344.9,               0         0.2384,               0
          345.8,               0          0.145,               0
          346.7,               0        0.02602,               0
          347.7,               0      0.0006453,               0
          348.6,               0         0.0288,               0
          349.5,               0         0.0743,               0
          350.4,               0          0.195,               0
          351.3,               0         0.3283,               0
          352.2,               0         0.3409,               0
          353.1,               0         0.2363,               0
          354.1,               0         0.1457,               0
            355,               0          0.145,               0
          355.9,               0         0.1801,               0
          356.8,               0         0.2323,               0
          357.7,               0         0.3287,               0
          358.6,               0         0.4233,               0
          359.6,               0         0.4413,               0
          360.5,               0         0.3876,               0
          361.4,               0         0.3512,               0
          362.3,               0         0.4006,               0
          363.2,               0         0.4738,               0
          364.1,               0         0.4704,               0
            365,               0         0.4164,               0
            366,               0         0.4519,               0
          366.9,               0         0.6144,               0
          367.8,               0          0.802,               0
          368.7,               0         0.8703,               0
          369.6,               0         0.8059,               0
          370.5,               0          0.759,               0
          371.4,               0         0.8004,               0
          372.4,               0         0.9141,               0
          373.3,               0          1.056,               0
          374.2,               0          1.234,               0
          375.1,               0          1.532,               0
            376,               0          2.015,               0
          376.9,               0          2.711,               0
          377.9,               0          3.728,               0
          378.8,               0          5.026,               0
          379.7,               0          5.291,               0
          380.6,               0           4.97,               0
          381.5,               0          4.545,               0
          382.4,               0           3.53,               0
          383.3,               0          2.575,               0
          384.3,               0          1.978,               0
          385.2,               0          1.632,               0
          386.1,               0          1.395,               0
            387,               0          1.193,               0
          387.9,               0          1.004,               0
          388.8,               0         0.8144,               0
          389.7,               0         0.6508,               0
          390.7,               0         0.5697,               0
          391.6,               0         0.5621,               0
          392.5,               0         0.5646,               0
          393.4,               0         0.5724,               0
          394.3,               0         0.6001,               0
          395.2,               0         0.6008,               0
          396.1,               0          0.526,               0
          397.1,               0         0.4036,               0
            398,               0         0.3126,               0
          398.9,               0          0.305,               0
          399.8,               0         0.3744,               0
          400.7,               0         0.4606,               0
          401.6,               0         0.4831,               0
          402.6,               0         0.4293,               0
          403.5,               0         0.3733,               0
          404.4,               0         0.3704,               0
          405.3,               0         0.3887,               0
          406.2,               0         0.3946,               0
          407.1,               0         0.4017,               0
            408,               0         0.4117,               0
            409,               0         0.4021,               0
          409.9,               0         0.3835,               0
          410.8,               0         0.3948,               0
          411.7,               0         0.4363,               0
          412.6,               0         0.4603,               0
          413.5,               0         0.4309,               0
          414.4,               0         0.3689,               0
          415.4,               0         0.3357,               0
          416.3,               0         0.3485,               0
          417.2,               0         0.3664,               0
          418.1,               0         0.3777,               0
            419,               0         0.4161,               0
          419.9,               0         0.5061,               0
          420.9,               0         0.6707,               0
          421.8,               0          0.968,               0
          422.7,               0          1.469,               0
          423.6,               0           2.25,               0
          424.5,               0          3.114,               0
          425.4,               0          2.575,               0
          426.3,               0          1.628,               0
          427.3,               0          1.034,               0
          428.2,               0         0.7448,               0
          429.1,               0         0.6535,               0
            430,               0         0.6249,               0
          430.9,               0         0.6074,               0
          431.8,               0          0.633,               0
          432.7,               0         0.6979,               0
          433.7,               0         0.7466,               0
          434.6,               0         0.7536,               0
          435.5,               0          0.763,               0
          436.4,               0         0.8761,               0
          437.3,               0          1.182,               0
          438.2,               0          1.627,               0
          439.1,               0          1.912,               0
          440.1,               0           1.84,               0
            441,               0          1.711,               0
          441.9,               0          1.768,               0
          442.8,               0          2.023,               0
          443.7,               0          2.441,               0
          444.6,               0          3.065,               0
          445.6,               0          4.039,               0
          446.5,               0          5.375,               0
          447.4,               0          5.461,               0
          448.3,               0          5.019,               0
          449.2,               0          4.695,               0
          450.1,               0           3.78,               0
            451,               0          2.852,               0
            452,               0          2.218,               0
          452.9,               0          1.802,               0
          453.8,               0          1.509,               0
          454.7,               0          1.272,               0
          455.6,               0          1.071,               0
          456.5,               0         0.9315,               0
          457.4,               0         0.8511,               0
          458.4,               0         0.7891,               0
          459.3,               0         0.7354,               0
          460.2,               0         0.7171,               0
          461.1,               0         0.7349,               0
            462,               0         0.7616,               0
          462.9,               0          0.781,               0
          463.9,               0         0.7811,               0
          464.8,               0           0.75,               0
          465.7,               0         0.7014,               0
          466.6,               0         0.6808,               0
          467.5,               0         0.7304,               0
          468.4,               0         0.8502,               0
          469.3,               0          1.005,               0
          470.3,               0          1.149,               0
          471.2,               0          1.263,               0
          472.1,               0          1.423,               0
            473,               0          1.735,               0
          473.9,               0          2.187,               0
          474.8,               0          2.339,               0
          475.7,               0          1.884,               0
          476.7,               0          1.364,               0
          477.6,               0              1,               0
          478.5,               0         0.8066,               0
          479.4,               0         0.7452,               0
          480.3,               0         0.7504,               0
          481.2,               0         0.7982,               0
          482.1,               0         0.8772,               0
          483.1,               0         0.9547,               0
            484,               0          1.055,               0
          484.9,               0          1.286,               0
          485.8,               0          1.761,               0
          486.7,               0          2.411,               0
          487.6,               0          2.522,               0
          488.6,               0          1.915,               0
          489.5,               0          1.398,               0
          490.4,               0          1.128,               0
          491.3,               0           1.04,               0
          492.2,               0          1.022,               0
          493.1,               0         0.9974,               0
            494,               0         0.9648,               0
            495,               0         0.9533,               0
          495.9,               0          0.964,               0
          496.8,               0         0.9812,               0
          497.7,               0          1.002,               0
          498.6,               0          1.024,               0
          499.5,               0          1.047,               0
          500.4,               0          1.084,               0
          501.4,               0          1.149,               0
          502.3,               0          1.223,               0
          503.2,               0          1.267,               0
          504.1,               0          1.263,               0
            505,               0          1.243,               0
          505.9,               0          1.265,               0
          506.9,               0          1.343,               0
          507.8,               0          1.421,               0
          508.7,               0          1.448,               0
          509.6,               0          1.436,               0
          510.5,               0          1.431,               0
          511.4,               0           1.46,               0
          512.3,               0          1.525,               0
          513.3,               0          1.601,               0
          514.2,               0          1.659,               0
          515.1,               0          1.696,               0
            516,               0          1.746,               0
          516.9,               0          1.837,               0
          517.8,               0          1.955,               0
          518.7,               0           2.07,               0
          519.7,               0          2.161,               0
          520.6,               0           2.23,               0
          521.5,               0          2.304,               0
          522.4,               0          2.403,               0
          523.3,               0          2.517,               0
          524.2,               0          2.632,               0
          525.1,               0          2.762,               0
          526.1,               0          2.924,               0
            527,               0          3.099,               0
          527.9,               0          3.253,               0
          528.8,               0          3.388,               0
          529.7,               0           3.54,               0
          530.6,               0          3.724,               0
          531.6,               0           3.89,               0
          532.5,               0          4.004,               0
          533.4,               0          4.116,               0
          534.3,               0          4.304,               0
          535.2,               0          4.612,               0
          536.1,               0          4.965,               0
            537,               0           5.14,               0
            538,               0           5.03,               0
          538.9,               0          4.928,               0
          539.8,               0          5.007,               0
          540.7,               0           5.17,               0
          541.6,               0          5.264,               0
          542.5,               0          5.376,               0
          543.4,               0           5.61,               0
          544.4,               0          5.822,               0
          545.3,               0          5.883,               0
          546.2,               0          5.923,               0
          547.1,               0          5.969,               0
            548,               0          5.928,               0
          548.9,               0          5.742,               0
          549.9,               0          5.338,               0
          550.8,               0          4.936,               0
          551.7,               0          4.803,               0
          552.6,               0          4.924,               0
          553.5,               0          4.961,               0
          554.4,               0          4.608,               0
          555.3,               0          4.244,               0
          556.3,               0          4.124,               0
          557.2,               0          4.214,               0
          558.1,               0           4.38,               0
            559,               0          4.567,               0
          559.9,               0          4.775,               0
          560.8,               0          4.894,               0
          561.7,               0          4.893,               0
          562.7,               0           4.91,               0
          563.6,               0          5.004,               0
          564.5,               0          5.056,               0
          565.4,               0          4.975,               0
          566.3,               0          4.881,               0
          567.2,               0          4.931,               0
          568.1,               0          5.144,               0
          569.1,               0          5.321,               0
            570,               0          5.225,               0
          570.9,               0          5.019,               0
          571.8,               0          4.921,               0
          572.7,               0          4.924,               0
          573.6,               0          4.905,               0
          574.6,               0          4.809,               0
          575.5,               0          4.701,               0
          576.4,               0          4.674,               0
          577.3,               0          4.748,               0
          578.2,               0          4.856,               0
          579.1,               0          4.875,               0
            580,               0          4.736,               0
            581,               0          4.485,               0
          581.9,               0          4.249,               0
          582.8,               0          4.126,               0
          583.7,               0          4.099,               0
          584.6,               0          4.034,               0
          585.5,               0          3.831,               0
          586.4,               0          3.584,               0
          587.4,               0          3.413,               0
          588.3,               0          3.324,               0
          589.2,               0          3.256,               0
          590.1,               0          3.168,               0
            591,               0          3.063,               0
          591.9,               0          2.946,               0
          592.9,               0          2.831,               0
          593.8,               0          2.746,               0
          594.7,               0          2.689,               0
          595.6,               0          2.617,               0
          596.5,               0           2.52,               0
          597.4,               0          2.435,               0
          598.3,               0          2.377,               0
          599.3,               0          2.314,               0
          600.2,               0          2.235,               0
          601.1,               0          2.169,               0
            602,               0          2.129,               0
          602.9,               0          2.081,               0
          603.8,               0           2.01,               0
          604.7,               0           1.94,               0
          605.7,               0            1.9,               0
          606.6,               0           1.88,               0
          607.5,               0          1.858,               0
          608.4,               0          1.838,               0
          609.3,               0          1.836,               0
          610.2,               0           1.84,               0
          611.1,               0           1.82,               0
          612.1,               0          1.793,               0
            613,               0          1.817,               0
          613.9,               0          1.903,               0
          614.8,               0          2.024,               0
          615.7,               0          2.195,               0
          616.6,               0          2.481,               0
          617.6,               0          2.944,               0
          618.5,               0          3.618,               0
          619.4,               0          4.429,               0
          620.3,               0          4.977,               0
          621.2,               0          4.811,               0
          622.1,               0          4.039,               0
            623,               0          3.206,               0
            624,               0          2.591,               0
          624.9,               0          2.176,               0
          625.8,               0          1.898,               0
          626.7,               0          1.713,               0
          627.6,               0          1.584,               0
          628.5,               0          1.483,               0
          629.4,               0          1.406,               0
          630.4,               0           1.36,               0
          631.3,               0          1.331,               0
          632.2,               0          1.297,               0
          633.1,               0          1.254,               0
            634,               0          1.218,               0
          634.9,               0          1.194,               0
          635.9,               0          1.175,               0
          636.8,               0          1.158,               0
          637.7,               0          1.141,               0
          638.6,               0          1.125,               0
          639.5,               0          1.106,               0
          640.4,               0          1.093,               0
          641.3,               0           1.09,               0
          642.3,               0          1.088,               0
          643.2,               0          1.074,               0
          644.1,               0          1.058,               0
            645,               0           1.06,               0
          645.9,               0          1.079,               0
          646.8,               0          1.086,               0
          647.7,               0          1.069,               0
          648.7,               0          1.044,               0
          649.6,               0          1.041,               0
          650.5,               0          1.052,               0
          651.4,               0          1.052,               0
          652.3,               0          1.049,               0
          653.2,               0          1.089,               0
          654.1,               0          1.189,               0
          655.1,               0          1.294,               0
            656,               0          1.336,               0
          656.9,               0          1.309,               0
          657.8,               0          1.243,               0
          658.7,               0          1.157,               0
          659.6,               0          1.081,               0
          660.6,               0          1.044,               0
          661.5,               0          1.027,               0
          662.4,               0          1.002,               0
          663.3,               0         0.9803,               0
          664.2,               0         0.9829,               0
          665.1,               0         0.9958,               0
            666,               0         0.9898,               0
            667,               0         0.9725,               0
          667.9,               0         0.9678,               0
          668.8,               0         0.9789,               0
          669.7,               0         0.9883,               0
          670.6,               0         0.9868,               0
          671.5,               0         0.9831,               0
          672.4,               0         0.9857,               0
          673.4,               0         0.9876,               0
          674.3,               0         0.9814,               0
          675.2,               0         0.9751,               0
          676.1,               0         0.9777,               0
            677,               0         0.9876,               0
          677.9,               0         0.9976,               0
          678.9,               0          1.009,               0
          679.8,               0          1.023,               0
          680.7,               0          1.034,               0
          681.6,               0          1.039,               0
          682.5,               0           1.04,               0
          683.4,               0          1.043,               0
          684.3,               0          1.055,               0
          685.3,               0          1.071,               0
          686.2,               0          1.075,               0
          687.1,               0          1.065,               0
            688,               0          1.061,               0
          688.9,               0          1.082,               0
          689.8,               0          1.124,               0
          690.7,               0          1.163,               0
          691.7,               0          1.188,               0
          692.6,               0            1.2,               0
          693.5,               0            1.2,               0
          694.4,               0          1.186,               0
          695.3,               0          1.169,               0
          696.2,               0           1.17,               0
          697.1,               0          1.197,               0
          698.1,               0          1.222,               0
            699,               0          1.227,               0
          699.9,               0          1.237,               0
          700.8,               0          1.278,               0
          701.7,               0          1.321,               0
          702.6,               0           1.34,               0
          703.6,               0          1.354,               0
          704.5,               0          1.386,               0
          705.4,               0          1.418,               0
          706.3,               0          1.435,               0
          707.2,               0          1.464,               0
          708.1,               0          1.521,               0
            709,               0          1.577,               0
            710,               0          1.614,               0
          710.9,               0          1.647,               0
          711.8,               0          1.715,               0
          712.7,               0          1.867,               0
          713.6,               0           2.16,               0
          714.5,               0          2.558,               0
          715.4,               0          2.761,               0
          716.4,               0          2.559,               0
          717.3,               0          2.302,               0
          718.2,               0          2.206,               0
          719.1,               0          2.237,               0
            720,               0          2.296,               0
          720.9,               0          2.354,               0
          721.9,               0          2.445,               0
          722.8,               0          2.565,               0
          723.7,               0          2.677,               0
          724.6,               0          2.777,               0
          725.5,               0          2.902,               0
          726.4,               0          3.049,               0
          727.3,               0          3.197,               0
          728.3,               0          3.355,               0
          729.2,               0          3.538,               0
          730.1,               0          3.714,               0
            731,               0           3.86,               0
          731.9,               0          4.007,               0
          732.8,               0          4.185,               0
          733.7,               0          4.384,               0
          734.7,               0          4.592,               0
          735.6,               0          4.837,               0
          736.5,               0          5.086,               0
          737.4,               0          5.171,               0
          738.3,               0          5.063,               0
          739.2,               0          5.013,               0
          740.1,               0          5.147,               0
          741.1,               0          5.297,               0
            742,               0          5.214,               0
          742.9,               0          5.047,               0
          743.8,               0          5.025,               0
          744.7,               0          5.123,               0
          745.6,               0          5.162,               0
          746.6,               0          5.074,               0
          747.5,               0          4.977,               0
          748.4,               0          4.947,               0
          749.3,               0          4.954,               0
          750.2,               0          4.955,               0
          751.1,               0           4.95,               0
            752,               0          4.971,               0
            753,               0          5.029,               0
          753.9,               0          5.131,               0
          754.8,               0          5.312,               0
          755.7,               0          5.575,               0
          756.6,               0          5.819,               0
          757.5,               0          5.969,               0
          758.4,               0           6.11,               0
          759.4,               0          6.213,               0
          760.3,               0          6.018,               0
          761.2,               0          5.652,               0
          762.1,               0          5.407,               0
            763,               0          5.321,               0
          763.9,               0          5.295,               0
          764.9,               0          5.237,               0
          765.8,               0          5.159,               0
          766.7,               0          5.127,               0
          767.6,               0          5.141,               0
          768.5,               0           5.08,               0
          769.4,               0           4.87,               0
          770.3,               0          4.655,               0
          771.3,               0           4.59,               0
          772.2,               0           4.69,               0
          773.1,               0          4.828,               0
            774,               0          4.799,               0
          774.9,               0          4.524,               0
          775.8,               0          4.125,               0
          776.7,               0          3.767,               0
          777.7,               0          3.509,               0
          778.6,               0          3.321,               0
          779.5,               0          3.163,               0
          780.4,               0          3.027,               0
          781.3,               0           2.91,               0
          782.2,               0          2.794,               0
          783.1,               0          2.672,               0
          784.1,               0          2.555,               0
            785,               0          2.461,               0
          785.9,               0           2.39,               0
          786.8,               0          2.328,               0
          787.7,               0          2.262,               0
          788.6,               0          2.184,               0
          789.6,               0            2.1,               0
          790.5,               0          2.028,               0
          791.4,               0          1.982,               0
          792.3,               0          1.944,               0
          793.2,               0          1.898,               0
          794.1,               0          1.845,               0
            795,               0          1.798,               0
            796,               0           1.76,               0
          796.9,               0           1.73,               0
          797.8,               0          1.707,               0
          798.7,               0          1.683,               0
          799.6,               0          1.649,               0
          800.5,               0          1.614,               0
          801.4,               0           1.59,               0
          802.4,               0          1.567,               0
          803.3,               0           1.53,               0
          804.2,               0          1.484,               0
          805.1,               0          1.459,               0
            806,               0          1.463,               0
          806.9,               0          1.468,               0
          807.9,               0           1.45,               0
          808.8,               0          1.413,               0
          809.7,               0          1.381,               0
          810.6,               0          1.363,               0
          811.5,               0          1.355,               0
          812.4,               0          1.348,               0
          813.3,               0          1.339,               0
          814.3,               0          1.318,               0
          815.2,               0          1.292,               0
          816.1,               0          1.277,               0
            817,               0          1.274,               0
          817.9,               0          1.269,               0
          818.8,               0          1.253,               0
          819.7,               0          1.235,               0
          820.7,               0          1.226,               0
          821.6,               0          1.221,               0
          822.5,               0          1.219,               0
          823.4,               0          1.226,               0
          824.3,               0          1.243,               0
          825.2,               0          1.265,               0
          826.1,               0           1.28,               0
          827.1,               0           1.28,               0
            828,               0          1.272,               0
          828.9,               0           1.28,               0
          829.8,               0          1.324,               0
          830.7,               0          1.435,               0
          831.6,               0          1.672,               0
          832.6,               0          2.106,               0
          833.5,               0          2.651,               0
          834.4,               0          2.664,               0
          835.3,               0          2.104,               0
          836.2,               0          1.659,               0
          837.1,               0          1.442,               0
            838,               0          1.362,               0
            839,               0          1.332,               0
          839.9,               0           1.33,               0
          840.8,               0           1.38,               0
          841.7,               0          1.446,               0
          842.6,               0          1.427,               0
          843.5,               0          1.307,               0
          844.4,               0          1.183,               0
          845.4,               0          1.121,               0
          846.3,               0          1.109,               0
          847.2,               0          1.115,               0
          848.1,               0          1.121,               0
            849,               0           1.12,               0
          849.9,               0          1.104,               0
          850.9,               0          1.084,               0
          851.8,               0          1.084,               0
          852.7,               0          1.102,               0
          853.6,               0          1.115,               0
          854.5,               0          1.109,               0
          855.4,               0          1.098,               0
          856.3,               0          1.108,               0
          857.3,               0          1.154,               0
          858.2,               0          1.214,               0
          859.1,               0          1.248,               0
            860,               0          1.242,               0
          860.9,               0          1.216,               0
          861.8,               0          1.187,               0
          862.7,               0          1.154,               0
          863.7,               0          1.118,               0
          864.6,               0          1.092,               0
          865.5,               0          1.078,               0
          866.4,               0          1.072,               0
          867.3,               0          1.076,               0
          868.2,               0          1.093,               0
          869.1,               0          1.113,               0
          870.1,               0          1.118,               0
            871,               0          1.113,               0
          871.9,               0          1.117,               0
          872.8,               0          1.131,               0
          873.7,               0          1.137,               0
          874.6,               0          1.133,               0
          875.6,               0          1.138,               0
          876.5,               0          1.155,               0
          877.4,               0          1.169,               0
          878.3,               0          1.168,               0
          879.2,               0          1.157,               0
          880.1,               0          1.151,               0
            881,               0          1.165,               0
            882,               0          1.193,               0
          882.9,               0          1.213,               0
          883.8,               0          1.208,               0
          884.7,               0          1.197,               0
          885.6,               0           1.21,               0
          886.5,               0          1.242,               0
          887.4,               0          1.258,               0
          888.4,               0          1.251,               0
          889.3,               0          1.246,               0
          890.2,               0          1.261,               0
          891.1,               0          1.291,               0
            892,               0          1.329,               0
          892.9,               0          1.372,               0
          893.9,               0           1.41,               0
          894.8,               0           1.43,               0
          895.7,               0           1.43,               0
          896.6,               0          1.424,               0
          897.5,               0          1.434,               0
          898.4,               0          1.469,               0
          899.3,               0          1.519,               0
          900.3,               0          1.566,               0
          901.2,               0          1.604,               0
          902.1,               0          1.645,               0
            903,               0          1.724,               0
          903.9,               0           1.86,               0
          904.8,               0          2.032,               0
          905.7,               0          2.186,               0
          906.7,               0          2.284,               0
          907.6,               0          2.356,               0
          908.5,               0          2.474,               0
          909.4,               0          2.693,               0
          910.3,               0          3.045,               0
          911.2,               0          3.525,               0
          912.1,               0          4.084,               0
          913.1,               0          4.536,               0
            914,               0          4.683,               0
          914.9,               0          4.704,               0
          915.8,               0          4.677,               0
          916.7,               0          4.599,               0
          917.6,               0          4.474,               0
          918.6,               0          4.222,               0
          919.5,               0          3.815,               0
          920.4,               0          3.365,               0
          921.3,               0          2.959,               0
          922.2,               0          2.628,               0
          923.1,               0          2.382,               0
            924,               0          2.213,               0
            925,               0          2.096,               0
          925.9,               0          2.006,               0
          926.8,               0           1.93,               0
          927.7,               0          1.867,               0
          928.6,               0           1.82,               0
          929.5,               0          1.797,               0
          930.4,               0          1.801,               0
          931.4,               0          1.822,               0
          932.3,               0           1.84,               0
          933.2,               0          1.838,               0
          934.1,               0          1.822,               0
            935,               0          1.814,               0
          935.9,               0          1.816,               0
          936.9,               0          1.824,               0
          937.8,               0           1.84,               0
          938.7,               0          1.864,               0
          939.6,               0           1.89,               0
          940.5,               0          1.912,               0
          941.4,               0          1.938,               0
          942.3,               0          1.978,               0
          943.3,               0          2.023,               0
          944.2,               0          2.063,               0
          945.1,               0          2.097,               0
            946,               0          2.132,               0
          946.9,               0          2.174,               0
          947.8,               0          2.226,               0
          948.7,               0          2.294,               0
          949.7,               0          2.369,               0
          950.6,               0          2.437,               0
          951.5,               0          2.492,               0
          952.4,               0          2.541,               0
          953.3,               0          2.599,               0
          954.2,               0          2.672,               0
          955.1,               0          2.758,               0
          956.1,               0          2.856,               0
            957,               0          2.973,               0
          957.9,               0          3.107,               0
          958.8,               0          3.245,               0
          959.7,               0          3.386,               0
          960.6,               0          3.558,               0
          961.6,               0          3.776,               0
          962.5,               0          4.026,               0
          963.4,               0           4.28,               0
          964.3,               0           4.53,               0
          965.2,               0          4.789,               0
          966.1,               0          5.048,               0
            967,               0          5.241,               0
            968,               0          5.305,               0
          968.9,               0          5.252,               0
          969.8,               0          5.164,               0
          970.7,               0          5.136,               0
          971.6,               0          5.217,               0
          972.5,               0          5.363,               0
          973.4,               0          5.436,               0
          974.4,               0          5.368,               0
          975.3,               0          5.253,               0
          976.2,               0          5.182,               0
          977.1,               0           5.18,               0
            978,               0          5.241,               0
          978.9,               0          5.332,               0
          979.9,               0          5.391,               0
          980.8,               0          5.367,               0
          981.7,               0          5.265,               0
          982.6,               0          5.119,               0
          983.5,               0          4.969,               0
          984.4,               0          4.853,               0
          985.3,               0          4.786,               0
          986.3,               0          4.746,               0
          987.2,               0          4.717,               0
          988.1,               0          4.719,               0
            989,               0          4.783,               0
          989.9,               0            4.9,               0
          990.8,               0           5.05,               0
          991.7,               0          5.205,               0
          992.7,               0          5.285,               0
          993.6,               0          5.224,               0
          994.5,               0          5.124,               0
          995.4,               0          5.137,               0
          996.3,               0          5.271,               0
          997.2,               0          5.363,               0
          998.1,               0          5.297,               0
          999.1,               0          5.202,               0
           1000,               0          5.193,               0
